epochs: 100, batch_size: 32, lr: 5e-05, method: Adversarial, rho: 0
VALIDATION
1.8420, 53.4277
3.1647, 45.2201
3.0103, 46.9182
3.9002, 45.1572
3.3332, 48.9623
2.8875, 49.4340
3.2090, 51.5094
3.2053, 54.0881
2.3719, 52.8302
2.9894, 51.2264
3.2778, 49.4025
2.4494, 56.9811
2.8801, 52.8616
2.2669, 54.9371
2.5459, 55.7233
2.9907, 57.4528
2.9999, 58.0818
2.7250, 57.7358
2.9971, 54.1195
2.4005, 62.0755
2.3782, 57.4214
1.6085, 64.2767
3.4760, 54.8742
2.4142, 60.9748
2.5722, 60.9434
2.2229, 60.8805
1.7854, 68.7736
1.8947, 70.3774
1.6974, 70.4403
1.4021, 73.6164
1.7004, 74.9686
1.3277, 77.3270
1.4716, 74.8742
2.0320, 68.3962
1.4025, 74.1509
2.3165, 68.3648
1.6235, 73.6164
0.7174, 82.8616
0.8687, 83.5849
0.8715, 82.6415
1.3426, 77.5472
0.8931, 81.6981
1.1103, 79.6855
0.7335, 85.7862
0.9764, 83.6164
1.4061, 76.7610
0.8632, 85.1572
0.8820, 81.4780
0.7280, 83.8994
0.8026, 83.2390
0.6161, 89.2767
0.5903, 87.5786
0.6652, 87.7673
0.9251, 83.6164
0.6195, 87.5157
0.4295, 89.7484
0.6501, 87.2642
0.6850, 87.2642
0.3335, 91.8868
0.3079, 92.8302
0.5278, 88.8365
0.4957, 89.1509
0.3190, 92.2642
0.4517, 90.8805
0.3437, 92.7987
0.2008, 95.0314
0.4235, 90.8491
0.2111, 93.8994
0.2081, 94.2767
0.1914, 94.8113
0.2009, 94.2138
0.2437, 93.3648
0.2024, 94.3082
0.1972, 94.9057
0.1867, 94.9686
0.1783, 94.8113
0.1906, 94.9057
0.2570, 93.2390
0.1871, 94.3082
0.1841, 93.8050
0.1516, 95.0629
0.1869, 94.5283
0.1935, 94.2767
0.1743, 95.4403
0.2915, 92.7987
0.2418, 93.9937
0.2694, 93.6164
0.1956, 94.5283
0.1778, 94.7484
0.1702, 95.1572
0.2155, 94.7170
0.2349, 93.9937
0.2790, 93.7736
0.2148, 94.4969
0.3506, 92.5157
0.2283, 94.6541
0.2519, 94.4969
0.2383, 94.9057
0.2767, 93.8050
0.1097, 96.7296
TEST
7.2862, 12.9382, 7.2865, 12.7736, 1.5648, 66.3330, 1.5528, 66.1825, 5.9210, 24.0473, 5.8112, 24.3988
8.0579, 3.3120, 7.9683, 3.5730, 1.2995, 67.4152, 1.3578, 66.2234, 4.7680, 29.6476, 4.7736, 30.5606
6.9006, 3.7091, 6.7930, 3.3944, 0.9648, 73.1602, 1.1004, 71.1261, 5.5618, 24.9954, 5.4692, 25.6487
6.7253, 17.1218, 6.6852, 14.4771, 0.4514, 85.1010, 0.6046, 80.7754, 8.0176, 7.9741, 7.8355, 8.0403
7.4812, 30.8348, 7.6534, 26.9891, 1.8757, 69.9134, 1.7616, 67.8346, 8.3942, 7.6324, 8.3120, 7.3752
6.5165, 30.4184, 6.6815, 24.3540, 1.8228, 67.4693, 1.7390, 64.9983, 7.4595, 13.0232, 7.4226, 14.1583
8.1389, 15.8532, 8.3759, 6.4889, 0.2039, 94.5076, 0.3427, 90.8851, 8.5340, 4.3178, 8.4377, 4.2541
8.0162, 22.9421, 8.0546, 12.1419, 0.5489, 84.7042, 0.5813, 85.0285, 7.5197, 9.8482, 7.4593, 10.8837
9.6036, 20.0949, 9.8189, 10.5532, 0.5449, 88.6724, 0.8218, 85.5323, 9.0971, 12.9717, 9.0558, 14.0998
8.1708, 30.6895, 8.6642, 21.1829, 1.6472, 69.4174, 1.5418, 71.3230, 8.6945, 23.3565, 8.5780, 23.3755
9.3462, 23.6587, 9.8155, 14.6239, 0.9013, 78.7608, 1.0984, 77.4660, 8.5604, 20.8356, 8.3592, 20.0789
7.2228, 27.8908, 7.8605, 10.7637, 0.6054, 84.8034, 0.8863, 81.3330, 7.4739, 26.7078, 7.3956, 26.0434
8.4888, 23.5231, 9.1965, 15.0386, 0.5188, 87.4369, 0.8521, 82.7703, 8.6866, 21.8278, 8.5431, 21.6212
8.7085, 20.2595, 9.5807, 10.6872, 0.7320, 81.7460, 0.9073, 80.2818, 7.3719, 31.7018, 7.1320, 31.2770
7.8116, 29.1013, 8.6157, 16.1488, 0.9165, 79.6627, 0.9532, 80.4762, 7.8158, 22.9706, 7.6864, 22.6665
5.4366, 30.8542, 6.3525, 16.9910, 0.6679, 79.4733, 0.7938, 79.0491, 6.8770, 24.1980, 6.6585, 23.9383
8.2819, 22.8356, 9.3268, 13.8901, 1.5995, 69.5527, 1.7597, 68.8192, 6.8301, 38.6176, 6.6814, 38.7545
6.9432, 33.3624, 7.8012, 21.5083, 1.0932, 76.4610, 1.2880, 74.0620, 7.1826, 29.4492, 7.1984, 26.8475
8.0453, 35.2508, 9.2070, 22.9950, 2.9288, 63.1403, 3.1493, 61.7913, 9.3325, 36.5818, 9.2195, 35.8380
7.4220, 35.0378, 8.4075, 22.8163, 1.0482, 76.5602, 1.1741, 75.1822, 6.3421, 39.8780, 6.2990, 37.8408
0.1097