epochs: 100, batch_size: 32, lr: 1e-05, method: Adversarial, rho: 0
VALIDATION
1.3489, 49.0881
1.6074, 49.5283
1.6190, 50.6918
1.6243, 50.2516
1.7567, 50.9434
1.8191, 48.1132
1.7744, 48.8050
1.7484, 50.0000
2.2643, 45.0000
2.3377, 46.5409
2.3308, 46.1950
2.5683, 44.6855
2.7194, 43.8050
2.8379, 43.5535
2.6069, 45.7547
2.8560, 45.4088
2.9811, 45.2201
2.8971, 45.5031
2.8786, 47.0755
3.1696, 44.5597
3.2602, 44.5597
3.0795, 46.7925
3.3867, 43.9308
3.3529, 43.8365
3.5043, 44.5283
3.6048, 43.6164
3.3646, 46.2579
3.5115, 44.5912
3.3790, 45.4403
3.0510, 47.7673
3.2122, 45.3459
3.4483, 43.6792
3.3170, 44.4654
3.0836, 45.0000
3.1472, 46.0377
3.3928, 43.8365
3.6972, 43.3962
3.4499, 45.0000
3.6420, 43.8994
3.3965, 44.5283
3.3995, 45.0629
3.1264, 48.6478
3.1816, 49.3082
3.1220, 48.5849
3.0074, 49.2453
3.4307, 49.4654
3.2290, 49.1824
3.7141, 48.4591
3.8097, 48.9308
3.6451, 51.2264
3.7389, 49.9686
3.7270, 51.3208
3.6934, 52.4214
3.3394, 51.9182
3.5277, 52.1698
3.2300, 54.1195
3.3354, 53.0818
3.4894, 52.9874
3.2554, 53.8365
3.4643, 52.2327
3.1471, 52.8302
3.2580, 53.8994
2.8109, 55.7862
2.7630, 56.0063
3.2382, 55.1887
3.0436, 54.7484
2.8596, 56.6981
2.8477, 56.5723
2.9092, 55.4403
2.8479, 57.0126
2.5047, 58.6792
3.2018, 56.1006
2.9933, 58.4277
2.6759, 59.9686
2.5349, 59.8113
2.6749, 60.2201
2.5957, 60.7233
2.5576, 60.5031
2.3929, 61.2264
2.2556, 62.8931
2.1656, 62.9560
2.1336, 64.2138
2.0049, 64.7170
2.0659, 65.6289
2.5527, 61.9497
2.0602, 65.6918
2.0801, 65.6604
2.1817, 65.1572
2.3057, 64.9686
1.8625, 67.3585
2.2192, 65.5975
1.6694, 69.5283
1.6012, 71.2893
1.8642, 66.6038
1.7028, 68.8994
1.3613, 72.9874
1.2596, 76.6038
1.3218, 75.1887
1.3570, 74.3082
0.3865, 88.1761
TEST
3.5037, 3.0409, 3.4789, 3.3689, 0.3009, 91.8470, 0.3067, 91.5092, 3.1729, 4.9388, 3.1878, 4.9265
4.4524, 7.6312, 4.4257, 7.6501, 0.7909, 73.4848, 0.8122, 73.3127, 3.8796, 16.7530, 3.9006, 16.6801
5.4006, 12.5993, 5.4441, 12.0526, 1.0879, 66.1706, 1.1248, 66.1185, 3.4314, 19.9904, 3.4274, 18.9898
6.5333, 7.9314, 6.5796, 7.5225, 1.2960, 65.1154, 1.3397, 63.9319, 4.8521, 24.5214, 4.8166, 23.3316
6.6655, 4.4064, 6.7006, 4.3642, 1.4114, 68.2449, 1.4661, 66.7911, 5.6288, 24.5985, 5.6181, 23.9383
6.0099, 9.2388, 6.0067, 9.4047, 1.0145, 79.7439, 1.0330, 79.1489, 5.4293, 10.0981, 5.4577, 9.1514
6.9986, 13.2578, 6.9701, 12.9586, 1.0548, 75.7756, 1.0175, 75.5275, 5.1877, 10.0650, 5.1527, 10.0139
7.0716, 14.9332, 7.0979, 13.7880, 1.3793, 70.8153, 1.3578, 70.6018, 5.0048, 13.2914, 4.9385, 12.4845
6.4494, 3.8253, 6.4466, 3.9303, 1.1425, 75.2796, 1.1241, 74.7295, 6.3054, 20.9385, 6.2544, 21.1461
7.8206, 5.6944, 7.7817, 6.9419, 1.4669, 75.2165, 1.4183, 74.7193, 8.1083, 19.8030, 8.0271, 20.7953
7.7220, 8.6674, 7.6922, 10.4639, 1.4981, 73.8546, 1.4728, 73.5838, 7.9588, 18.4838, 7.8579, 19.7573
8.0573, 5.1133, 7.9967, 4.6832, 1.5128, 74.5310, 1.4952, 74.3050, 7.3179, 22.5040, 7.3070, 24.0553
8.1955, 7.3310, 8.1191, 5.7743, 1.3279, 76.8128, 1.3066, 76.5377, 7.7471, 18.3038, 7.7765, 19.4576
7.8258, 10.5268, 7.6872, 7.6756, 1.1861, 78.8420, 1.1563, 78.7550, 7.0394, 14.5592, 7.0002, 15.7298
8.2322, 11.4371, 8.1482, 7.6756, 1.2699, 75.8478, 1.2517, 75.6400, 6.8650, 17.5357, 6.8430, 18.5951
7.6260, 12.6864, 7.4361, 7.2418, 1.3835, 77.2367, 1.3803, 76.9571, 6.7982, 17.3153, 6.6867, 18.4124
8.4856, 7.7184, 8.4186, 3.3178, 1.4622, 77.7958, 1.4529, 77.4814, 7.7738, 20.1521, 7.6984, 21.2631
7.5765, 13.2868, 7.4564, 9.1304, 1.1723, 79.8972, 1.1692, 79.2614, 7.7526, 13.8243, 7.6669, 15.3790
7.9195, 16.5214, 7.9594, 11.0253, 1.2576, 79.7529, 1.2440, 79.4788, 7.4218, 10.6603, 7.2532, 10.3794
5.4643, 22.1577, 5.6764, 10.6616, 0.8438, 73.4127, 0.8877, 73.7321, 4.9603, 22.3239, 4.8893, 23.6971
0.3865