epochs: 100, batch_size: 32, lr: 0.0001, method: Adversarial, rho: 0
VALIDATION
2.9201, 52.7044
3.4565, 43.1761
3.2664, 47.2956
3.2782, 52.5786
2.7510, 47.3899
2.3705, 52.2956
3.3287, 50.2830
3.0263, 51.9811
2.3940, 51.8868
3.2502, 47.5472
2.2357, 42.6101
3.8038, 48.5220
3.3687, 57.1069
2.2898, 58.6164
3.2310, 59.0566
3.5307, 44.2767
3.0375, 46.2264
3.1814, 48.7736
2.4880, 59.5912
2.5149, 57.6415
2.7317, 64.0566
2.3305, 60.9119
2.7773, 62.1384
1.6856, 56.9182
1.6676, 63.2390
1.7464, 64.6541
1.9817, 65.2516
1.3547, 70.9119
1.2320, 72.7987
1.7755, 73.2075
1.2883, 79.4969
0.7784, 84.3396
0.9320, 84.7799
1.0770, 82.8931
0.9808, 82.3899
0.9669, 82.6101
0.8964, 84.1195
0.8502, 86.4465
0.4681, 90.0943
0.4847, 89.9686
0.6924, 87.9560
0.4922, 89.1824
0.6507, 87.0440
0.4577, 90.8176
0.6710, 89.2138
0.5417, 88.3648
0.8897, 86.3208
0.6166, 90.6289
0.6658, 87.9560
0.6493, 89.0252
0.5889, 89.4654
0.5803, 89.5283
0.9162, 85.4717
0.5188, 90.6918
0.5740, 89.8428
0.4675, 91.2579
0.7338, 89.3082
0.6252, 89.0881
0.2276, 93.3962
0.5306, 88.5220
0.4791, 90.2201
0.5036, 89.7170
0.3279, 91.1006
0.1719, 95.0000
0.1324, 96.2893
0.1893, 95.5975
0.1740, 95.2830
0.1856, 95.3459
0.2893, 94.2138
0.2871, 93.7736
0.1956, 95.5975
0.1896, 95.3145
0.2783, 92.7987
0.2574, 93.7421
0.3185, 92.9245
0.3827, 90.8805
0.2429, 93.8050
0.2048, 93.4591
0.2585, 93.6478
0.3343, 92.9245
0.3791, 92.4214
0.3198, 92.7673
0.2655, 93.8994
0.3612, 92.3899
0.3127, 92.8931
0.3138, 93.1132
0.2880, 92.6101
0.2200, 94.4340
0.1989, 95.2201
0.2355, 94.6541
0.3378, 93.4906
0.4226, 92.5472
0.2651, 93.4591
0.2046, 95.2201
0.1929, 94.9371
0.4248, 91.7610
0.2747, 93.6478
0.2539, 93.7736
0.2888, 94.5597
0.0938, 96.5094
TEST
5.3572, 16.5117, 5.2953, 15.8106, 0.9482, 74.4499, 0.9054, 75.5505, 4.4751, 8.9443, 4.4253, 7.2436
9.1337, 0.0194, 9.0415, 0.0128, 1.8660, 61.6613, 1.9700, 61.0880, 3.0459, 39.5326, 2.9977, 39.0907
10.7783, 0.0194, 10.6079, 0.0064, 0.5324, 84.0639, 0.6583, 81.9621, 6.4951, 17.9547, 6.4854, 19.7646
7.9436, 0.0581, 7.7102, 0.0319, 2.7872, 45.0487, 2.9497, 48.0934, 2.4568, 54.5401, 2.5017, 56.5090
7.3727, 0.4552, 7.4907, 0.4211, 1.3599, 64.4120, 1.2659, 65.7886, 4.1361, 38.2391, 4.1040, 38.4036
9.6819, 11.8826, 9.8886, 11.1657, 0.6433, 83.5498, 0.9058, 82.3457, 10.3499, 16.7346, 10.4003, 17.0675
10.2228, 14.0713, 10.6169, 3.5028, 0.3898, 91.2879, 0.6457, 85.4658, 9.6592, 20.1852, 9.6738, 20.3494
10.1713, 23.0874, 10.3806, 11.1848, 0.8509, 79.5815, 0.9755, 80.6092, 7.1819, 26.3955, 7.1257, 25.3929
9.9382, 22.7097, 10.5856, 12.0717, 0.3845, 90.2417, 0.8988, 83.1590, 9.6080, 23.9555, 9.6070, 22.1694
10.2628, 27.5809, 10.9347, 14.0241, 0.5087, 89.6645, 0.9810, 84.3840, 8.9493, 19.6230, 8.8411, 19.8523
9.6700, 28.2007, 10.2489, 15.2045, 0.5197, 88.0592, 1.0079, 82.1923, 10.2319, 23.0919, 10.3616, 21.1607
8.7988, 22.3223, 9.3478, 13.5583, 0.2937, 92.5054, 0.5233, 89.1614, 8.2715, 20.1632, 8.3249, 19.0483
6.1269, 39.1536, 6.7683, 19.8048, 0.9112, 79.3561, 1.3388, 74.3408, 6.0614, 30.3164, 5.7837, 29.7054
8.9755, 32.8007, 9.7724, 23.5118, 0.6486, 87.1483, 1.2697, 80.9877, 10.2264, 26.1382, 10.1873, 23.6386
7.9932, 29.3918, 8.8153, 20.9405, 0.7134, 84.4426, 1.0778, 81.0465, 7.6460, 30.0922, 7.6381, 27.6807
10.4684, 27.3484, 11.4284, 19.4347, 0.4036, 90.9181, 0.6751, 88.2714, 11.8307, 23.9408, 11.8525, 21.9428
10.3495, 15.1559, 11.6465, 11.2359, 0.3827, 92.2529, 0.8861, 86.1333, 10.0320, 31.7054, 9.8911, 30.1879
8.6824, 35.0959, 9.2131, 21.5785, 0.5215, 88.8528, 0.7508, 86.8034, 9.3469, 30.3531, 9.0283, 29.5446
8.8063, 38.2917, 9.6605, 22.7078, 0.6744, 85.9217, 0.9756, 83.7293, 10.0105, 29.1699, 9.6738, 29.4935
5.6189, 35.5317, 6.7294, 20.5895, 0.7653, 78.4361, 0.9971, 76.0927, 4.3568, 50.3179, 4.1486, 49.3677
0.0938