epochs: 100, batch_size: 32, lr: 0.0005, method: Adversarial, rho: 0
VALIDATION
2.2942, 47.4843
1.9416, 49.7170
2.2415, 52.1069
1.7000, 48.2390
1.7588, 38.5535
1.7432, 45.2516
1.6094, 42.2327
2.5948, 54.2138
2.2832, 40.7233
1.6199, 49.5912
1.5151, 50.2516
1.6886, 44.4969
1.6519, 49.8113
1.1531, 46.8868
2.1847, 52.9245
1.9833, 51.0377
1.8197, 49.3082
2.3298, 46.7296
1.1689, 45.2201
1.6655, 43.3648
1.9559, 49.2453
2.1802, 51.6981
2.7506, 51.7296
2.5221, 50.4088
2.3473, 48.0818
1.2896, 43.8050
1.4448, 51.0692
2.0643, 46.6038
2.9038, 49.8428
4.0708, 54.0252
1.6802, 46.9497
1.9502, 51.9811
2.0661, 51.8553
1.7234, 53.1132
2.1063, 53.3333
2.0204, 45.9119
2.7135, 53.5535
2.0139, 53.2390
1.1558, 50.7233
2.3316, 51.9811
2.0479, 51.7610
2.2611, 51.9182
1.8035, 49.3082
3.3217, 52.9874
2.3583, 51.6038
2.6225, 52.6415
2.0393, 42.3585
1.8287, 52.7358
1.6321, 47.2642
1.8896, 45.0943
1.9305, 44.8113
2.5852, 51.3522
2.3165, 48.9623
2.1849, 46.1321
2.7400, 50.2516
2.1831, 46.5409
2.4597, 49.3396
2.6041, 47.5786
2.8290, 47.8302
2.7438, 49.9057
3.5766, 47.5786
3.2658, 46.5094
2.4994, 44.2138
4.1422, 48.0818
1.7870, 54.2138
2.2322, 54.7799
2.3135, 60.4403
2.3925, 59.4654
2.0768, 60.8491
2.6075, 60.0629
2.5496, 57.2956
3.0401, 56.7925
1.7841, 56.4465
3.1383, 61.3208
3.1670, 58.3962
3.1867, 61.2579
2.6029, 61.2893
2.6514, 62.1698
2.5329, 55.4403
3.4708, 57.8302
3.7001, 53.8679
2.8081, 55.6289
2.6638, 57.7987
3.2107, 54.7170
3.5805, 54.1195
3.6411, 56.2893
3.4024, 55.5346
2.9773, 54.8742
3.5127, 53.2390
3.0776, 55.2516
3.3550, 56.6667
3.3571, 58.0189
1.9367, 64.8113
3.9064, 57.2642
2.9406, 61.2264
2.5507, 63.5849
2.3774, 65.9119
2.9076, 62.0440
2.4100, 64.0881
0.3971, 86.9811
TEST
1.7939, 28.7914, 1.7689, 29.1776, 0.9846, 59.8755, 1.0114, 59.3540, 3.1019, 11.7848, 3.1744, 10.8691
3.8770, 6.3045, 3.8668, 6.3230, 0.4108, 86.4899, 0.3970, 86.9952, 2.3685, 7.1142, 2.3839, 6.9878
4.0026, 2.7213, 4.0188, 2.3607, 0.1299, 96.6631, 0.1302, 96.5397, 5.4407, 0.6651, 5.4580, 0.5628
2.9318, 8.8514, 2.9320, 8.4094, 0.9718, 68.2269, 0.9669, 68.9624, 2.0987, 23.5917, 2.0971, 23.4120
3.7247, 13.3062, 3.6283, 13.8136, 0.7516, 83.9827, 0.7689, 83.7779, 4.6716, 3.4359, 4.6637, 3.4427
6.3792, 0.3874, 6.3204, 0.3892, 0.0250, 99.5400, 0.0209, 99.6036, 11.1629, 0.0037, 11.1978, 0.0073
4.8879, 0.5617, 4.9423, 0.4402, 0.1049, 97.9798, 0.1042, 97.9949, 4.1994, 1.2641, 4.1499, 1.1037
7.7182, 0.4358, 7.7350, 0.4020, 0.2119, 93.6147, 0.2192, 93.3915, 2.8794, 5.2989, 2.9686, 5.2628
6.3917, 0.4455, 6.1710, 0.6636, 0.2042, 93.0916, 0.1950, 93.4196, 3.3054, 6.9268, 3.4255, 6.4981
4.4398, 2.5276, 4.5010, 2.3161, 0.7302, 73.4939, 0.7717, 72.6861, 2.0383, 24.4258, 1.9984, 25.4514
7.5267, 0.8813, 7.4740, 1.1421, 0.4790, 82.9365, 0.4662, 83.0951, 4.1547, 14.9524, 4.1437, 13.9683
5.7348, 0.7747, 5.4877, 0.8741, 1.8388, 76.3167, 1.8821, 74.8932, 3.8745, 24.0179, 3.8053, 25.2686
4.6738, 5.6072, 4.5813, 6.3868, 0.8088, 75.8027, 0.8188, 75.9264, 2.8094, 19.2335, 2.8380, 20.4956
5.8937, 1.0653, 5.8969, 0.9826, 0.3034, 90.7648, 0.3545, 89.3660, 8.1674, 10.4105, 8.0238, 9.8531
8.5081, 0.1549, 8.5305, 0.1914, 0.2110, 93.1638, 0.2246, 93.4503, 8.8650, 7.8712, 8.7038, 7.0974
5.5610, 29.4015, 5.4420, 29.0372, 2.2353, 72.3395, 2.4126, 70.5148, 9.9129, 4.4391, 9.7152, 5.5332
5.2102, 39.8509, 5.1701, 38.1484, 2.7801, 66.0804, 3.0715, 63.4408, 8.1622, 4.5052, 8.0850, 5.2335
5.7246, 20.0174, 5.8070, 19.6261, 1.1239, 78.5804, 1.2492, 77.1003, 9.8964, 6.0229, 9.8199, 6.5785
6.0347, 29.4306, 6.2189, 28.2715, 1.7436, 73.4127, 1.9657, 72.7552, 11.7700, 4.2700, 11.6098, 4.5757
2.9302, 31.7257, 4.0179, 8.1669, 0.6316, 77.2908, 0.7400, 71.5250, 2.4638, 39.0806, 2.4860, 41.8683
0.3971