epochs: 100, batch_size: 32, lr: 1e-05, method: SAM, rho: 0.001
VALIDATION
0.5922, 75.2201
0.3372, 87.3270
0.2526, 91.3836
0.2326, 92.5472
0.2531, 91.8868
0.2492, 92.7044
0.2653, 92.4214
0.2303, 93.6478
0.2311, 93.5535
0.2251, 93.3019
0.2286, 93.8994
0.2452, 93.4906
0.2206, 94.4969
0.2297, 94.3396
0.2085, 95.1887
0.2283, 94.9057
0.2024, 95.0000
0.1973, 94.9686
0.2048, 94.8428
0.2143, 95.7233
0.2794, 93.8050
0.2080, 94.9686
0.2133, 95.2830
0.2088, 95.0314
0.2191, 94.7170
0.2097, 95.1887
0.2010, 95.5660
0.1961, 95.5346
0.1839, 95.9748
0.2175, 95.3459
0.1846, 95.5660
0.1974, 96.1635
0.1961, 95.6918
0.1737, 96.2893
0.2073, 95.7862
0.2392, 95.5031
0.2271, 95.1258
0.2280, 95.7233
0.1753, 96.3208
0.2217, 95.8176
0.1793, 96.2264
0.1945, 96.0063
0.1912, 96.1950
0.2254, 95.5660
0.1825, 96.3208
0.1909, 95.8805
0.2208, 96.1006
0.2068, 96.0377
0.1963, 96.5094
0.2096, 96.1635
0.2013, 96.4151
0.2130, 96.1635
0.2173, 95.9434
0.2009, 96.3836
0.1740, 96.8239
0.1927, 96.9497
0.2112, 96.0692
0.1739, 96.8239
0.1581, 96.8239
0.1888, 96.6038
0.1606, 96.7610
0.1930, 96.5409
0.1978, 96.3522
0.1846, 96.9182
0.1755, 96.8553
0.1713, 97.0126
0.1624, 96.9497
0.1820, 96.8868
0.1642, 97.2013
0.1634, 97.2327
0.1744, 97.0126
0.1578, 97.3270
0.1764, 96.7925
0.1592, 97.2327
0.1772, 96.9182
0.1937, 96.9182
0.2064, 96.9811
0.1920, 97.1698
0.1948, 96.7610
0.1868, 96.7610
0.1603, 97.4528
0.1816, 96.6981
0.1525, 97.0126
0.1564, 97.3899
0.1487, 97.0755
0.1598, 96.9182
0.1385, 97.1384
0.1417, 96.8868
0.1482, 97.2013
0.1677, 97.1069
0.1518, 97.1384
0.1541, 97.3585
0.1659, 97.1698
0.1683, 97.0440
0.1679, 97.2327
0.1684, 97.1069
0.1738, 97.2013
0.1574, 97.2642
0.1605, 97.2327
0.1567, 97.3270
TEST
4.5911, 22.9034, 4.6354, 16.2764, 1.3231, 63.8709, 1.4001, 61.9191, 4.8254, 26.4102, 4.7477, 27.1983
6.3751, 25.8280, 6.4219, 15.9000, 1.4064, 69.1558, 1.6886, 65.1671, 6.8822, 25.2637, 6.7566, 25.6487
7.1306, 28.1038, 7.3964, 14.8919, 1.2374, 72.9618, 1.6848, 66.4842, 8.1243, 27.1635, 8.0220, 26.9790
7.1796, 28.8689, 7.8731, 15.4469, 1.3512, 72.5740, 1.8310, 66.8883, 8.8183, 28.6223, 8.7046, 28.5359
7.7424, 31.6483, 8.1528, 17.7184, 1.1943, 75.8748, 1.7016, 68.8934, 9.5962, 24.7345, 9.4966, 23.9675
7.4773, 34.6213, 8.3520, 19.0008, 1.4812, 73.5931, 2.1179, 65.1083, 9.8732, 27.2002, 9.7515, 27.1544
8.0656, 32.8491, 8.9177, 14.1134, 1.3306, 75.0541, 1.8783, 68.3128, 10.1458, 30.9631, 10.0496, 31.1600
8.3117, 33.0525, 9.1885, 14.4644, 1.1984, 78.9953, 1.7402, 70.0954, 10.5645, 31.1983, 10.5551, 30.6703
8.2720, 33.6723, 9.5216, 12.4545, 1.1952, 78.8240, 1.9460, 69.4560, 11.0037, 32.0729, 10.8955, 31.8909
9.6911, 31.5321, 10.8759, 9.7301, 0.8442, 84.4877, 1.4502, 75.6579, 12.3134, 29.3316, 12.2909, 29.3984
8.3562, 38.7565, 9.7198, 14.1900, 1.2307, 79.6176, 2.0929, 68.0775, 11.1882, 33.3039, 11.0960, 33.2139
9.8586, 34.6407, 11.0140, 10.6999, 0.6982, 87.2294, 1.2091, 78.6092, 12.7272, 28.7730, 12.6494, 28.4482
8.8449, 35.8900, 10.5845, 11.7974, 0.9601, 83.2882, 1.5742, 74.6247, 12.0518, 30.1216, 11.9801, 30.0197
9.0899, 38.9405, 10.6781, 11.5294, 0.8349, 85.0649, 1.5166, 74.8446, 12.3953, 32.4036, 12.3313, 31.7813
8.8779, 38.5435, 10.1510, 16.0339, 0.8107, 85.2724, 1.4798, 74.4175, 12.7636, 27.9976, 12.7167, 27.0229
9.6835, 34.4567, 11.6378, 9.8960, 0.6292, 88.2756, 1.2377, 78.1489, 13.2479, 29.8387, 13.2318, 28.6967
9.0713, 40.7709, 11.1518, 10.8148, 0.7493, 87.7615, 1.4438, 76.9213, 13.3362, 31.8340, 13.3103, 30.9846
9.4583, 37.9721, 11.5502, 12.0207, 1.0553, 83.4416, 1.8256, 72.7245, 13.1847, 31.4850, 13.1152, 30.9407
9.1113, 38.9212, 11.3910, 13.4244, 0.7967, 87.2204, 1.5233, 76.2206, 12.9250, 31.1065, 12.8507, 30.6118
9.3311, 37.3814, 11.6886, 11.5804, 0.6097, 89.9982, 1.1237, 81.0440, 13.9424, 29.1405, 13.8887, 28.4848
0.1385