epochs: 100, batch_size: 32, lr: 0.0001, method: SAM, rho: 0.01
VALIDATION
0.1216, 96.1635
0.0736, 97.8302
0.0781, 97.2327
0.0559, 98.0189
0.0514, 98.6164
0.0389, 98.7107
0.0492, 98.8679
0.0416, 98.6478
0.0446, 98.5849
0.0432, 98.8050
0.0463, 98.7107
0.0389, 98.8679
0.0386, 98.8050
0.0530, 98.6478
0.0468, 98.8994
0.0509, 98.7736
0.0486, 98.7107
0.0436, 99.0252
0.0405, 98.8679
0.0542, 98.6164
0.0492, 98.9308
0.0492, 98.9308
0.0481, 99.0881
0.0427, 99.0881
0.0424, 98.9308
0.0509, 98.9623
0.0496, 98.8679
0.0657, 98.4906
0.0574, 98.9623
0.0405, 99.1195
0.0444, 99.1824
0.0468, 99.2453
0.0384, 99.1195
0.0464, 98.9623
0.0519, 99.0881
0.0467, 98.8994
0.0536, 98.8365
0.0640, 98.5535
0.0402, 99.2453
0.0472, 99.0881
0.0531, 99.0881
0.0410, 99.2453
0.0426, 99.0252
0.0526, 99.1195
0.0506, 99.0566
0.0546, 98.9937
0.0469, 99.0566
0.0483, 99.1509
0.0558, 99.1195
0.0608, 98.9937
0.0481, 99.1195
0.0515, 99.1195
0.0558, 98.8994
0.0544, 99.1195
0.0626, 99.0566
0.0461, 99.1509
0.0539, 98.8994
0.0576, 98.9937
0.0530, 99.1824
0.0613, 98.7421
0.0513, 99.2453
0.0591, 99.2138
0.0613, 98.8679
0.0611, 98.8050
0.0480, 99.1195
0.0725, 98.8994
0.0677, 99.0881
0.0607, 99.0566
0.0573, 98.6478
0.0532, 99.0252
0.0705, 98.9308
0.0512, 99.2767
0.0768, 98.6164
0.0417, 99.1509
0.0689, 98.6478
0.0465, 99.0252
0.0559, 98.9308
0.0567, 99.0881
0.0735, 98.7107
0.0540, 99.1509
0.0668, 99.0566
0.0813, 98.7107
0.0544, 99.0252
0.0522, 99.1509
0.0574, 99.1824
0.0727, 98.8365
0.0619, 98.9623
0.0527, 98.9937
0.0613, 98.8365
0.0599, 99.1195
0.0613, 99.0881
0.0649, 99.1509
0.0602, 99.2138
0.0604, 99.0252
0.0576, 99.1509
0.0613, 99.1824
0.0503, 98.9623
0.0566, 99.1824
0.0707, 98.8050
0.0515, 99.1509
TEST
5.5866, 27.8811, 6.6840, 10.2916, 0.5421, 86.0299, 0.6792, 83.3124, 6.9937, 28.7032, 6.7984, 28.3605
7.3371, 29.0432, 8.6709, 13.1628, 0.3959, 90.5123, 0.7811, 83.4531, 9.2066, 37.6438, 9.0501, 35.3264
8.3335, 35.0184, 10.0516, 18.9881, 0.4985, 90.2597, 0.9336, 80.7729, 10.1143, 35.0641, 10.1685, 33.7256
9.2789, 32.3843, 10.9168, 15.5618, 0.2944, 93.7320, 0.6151, 86.7139, 10.9647, 34.3953, 11.0579, 33.7622
8.9245, 43.3275, 10.9208, 24.3412, 0.5558, 90.2507, 1.1186, 81.7907, 12.8936, 30.4671, 13.2879, 29.2669
9.7356, 34.7279, 11.7178, 20.8767, 0.4601, 92.2348, 0.8697, 85.5016, 11.6115, 38.2721, 11.7266, 35.8380
10.2588, 43.2888, 13.6380, 21.9358, 0.4286, 93.4524, 1.0437, 84.2076, 14.0387, 31.8487, 14.2014, 29.9101
8.5115, 49.9903, 10.6055, 29.0946, 0.6758, 89.6284, 1.4631, 78.4788, 12.0008, 38.0480, 12.2472, 34.3104
9.9501, 50.3583, 12.3093, 29.2350, 0.4182, 93.8582, 1.2447, 81.6603, 13.7928, 40.5982, 14.2235, 38.8787
9.6163, 47.0657, 12.8682, 27.2252, 0.9512, 87.9329, 2.2509, 74.4226, 14.4227, 37.7687, 14.7250, 36.5251
10.8233, 40.6159, 14.5567, 18.3117, 0.5105, 93.2630, 1.0038, 86.7292, 14.6316, 43.2293, 15.1147, 41.5686
11.7676, 31.6192, 13.0805, 25.5599, 0.3489, 93.6237, 0.6359, 88.7522, 14.9755, 42.6414, 15.2641, 40.2821
8.6242, 56.1108, 10.4902, 36.0620, 0.4321, 93.9755, 0.8693, 86.7062, 15.6275, 35.2001, 16.1756, 32.0298
9.5069, 51.3364, 12.4901, 31.4873, 0.5146, 91.9012, 1.0661, 83.7216, 15.6628, 26.5131, 16.6676, 23.5290
13.9546, 34.7085, 15.9565, 27.0784, 0.5894, 92.3070, 1.3486, 83.4812, 15.6082, 31.0844, 16.1582, 29.1134
12.4649, 42.4172, 15.4590, 27.0401, 0.4052, 94.8503, 1.1253, 85.7983, 16.5665, 41.4875, 16.4545, 40.9546
13.7781, 38.3885, 16.8162, 24.5454, 0.4334, 94.3182, 1.1115, 86.0106, 18.5961, 33.0430, 18.8676, 30.8896
11.2688, 41.8168, 15.6592, 22.8099, 0.3932, 94.5437, 1.1022, 86.1461, 15.0556, 37.9414, 15.6302, 33.8718
11.1398, 47.4433, 14.7834, 27.6718, 0.4201, 94.6880, 1.3086, 84.1871, 15.4444, 42.2114, 16.2266, 37.8262
11.4570, 49.6998, 14.5521, 31.3469, 0.7270, 92.0996, 1.4178, 84.7651, 16.0756, 39.4003, 16.8638, 35.9915
0.0384