epochs: 100, batch_size: 32, lr: 0.0005, method: SAM, rho: 0.05
VALIDATION
0.1139, 96.6352
0.0613, 98.1132
0.0658, 97.9245
0.0599, 98.0818
0.0542, 98.2075
0.0533, 98.3019
0.0428, 98.5535
0.0393, 98.6478
0.0354, 98.6792
0.0334, 98.8679
0.0440, 98.6164
0.0383, 98.9623
0.0367, 98.8994
0.0417, 98.7736
0.0342, 98.8994
0.0325, 99.0566
0.0329, 99.1195
0.0362, 99.0252
0.0329, 99.0566
0.0399, 98.9937
0.0579, 98.7421
0.0382, 98.9623
0.0398, 98.9623
0.0436, 98.8994
0.0502, 98.5849
0.0410, 99.0252
0.0446, 98.9623
0.0392, 98.9308
0.0411, 99.1195
0.0703, 98.5535
0.0441, 99.1195
0.0339, 98.9623
0.0490, 98.8994
0.0352, 99.0252
0.0392, 99.0566
0.0506, 98.7421
0.0447, 99.0252
0.0439, 98.9937
0.0462, 99.1509
0.0487, 98.6792
0.0563, 98.8365
0.0523, 99.1195
0.0550, 98.9308
0.0387, 98.9308
0.0534, 99.0881
0.0562, 98.7107
0.0631, 98.7736
0.0616, 98.9937
0.0515, 99.0566
0.0508, 99.0881
0.0808, 98.5535
0.0558, 99.0252
0.0486, 99.0881
0.0592, 98.9937
0.0537, 99.0252
0.0446, 99.2767
0.0499, 99.0881
0.0563, 98.9623
0.0739, 98.6164
0.0481, 99.0881
0.0473, 99.0566
0.0449, 99.1824
0.0418, 99.1509
0.0663, 98.9308
0.0385, 99.1509
0.0562, 99.1509
0.0463, 99.0566
0.0639, 98.9937
0.0707, 98.7107
0.0590, 99.0566
0.0576, 99.0566
0.0664, 98.8365
0.0517, 99.1195
0.0586, 99.1509
0.0573, 98.9308
0.0691, 99.0566
0.0798, 99.0566
0.0636, 99.0252
0.0591, 98.8365
0.0633, 98.8994
0.0587, 99.2138
0.1033, 98.2075
0.0408, 99.3082
0.0484, 99.2138
0.0610, 98.9937
0.0466, 99.2138
0.0486, 99.2767
0.0702, 98.8365
0.0550, 98.9937
0.0480, 98.9623
0.0501, 99.2138
0.0688, 99.0252
0.0714, 99.0566
0.0460, 99.0252
0.0479, 99.2767
0.0537, 99.1195
0.0720, 99.0252
0.0700, 98.6164
0.0624, 98.8994
0.0537, 98.9937
TEST
6.1046, 25.2566, 6.7069, 18.0055, 0.3548, 90.3499, 0.7547, 79.7857, 5.5699, 44.2362, 5.5285, 42.8112
8.0353, 31.4933, 8.3533, 29.3562, 0.3567, 91.5224, 0.7685, 82.3329, 8.7109, 26.9614, 8.7535, 22.5276
6.6877, 43.7343, 7.0735, 41.9958, 0.5887, 88.2666, 0.9509, 78.6553, 8.1180, 43.5454, 8.4710, 39.6828
10.9592, 46.5911, 12.0070, 34.8178, 0.4493, 92.9924, 0.8936, 85.3303, 11.7266, 41.7043, 11.9487, 37.4826
11.3475, 35.8706, 11.0448, 28.8522, 0.3499, 93.2449, 0.4991, 89.3430, 12.6678, 42.8435, 13.0259, 38.0235
16.7905, 34.6601, 16.9587, 24.7879, 0.1007, 97.7543, 0.2901, 92.3480, 14.5793, 38.5808, 14.4368, 36.3643
15.9021, 37.2652, 17.8521, 23.3267, 0.3936, 94.7601, 0.7252, 88.6422, 17.1400, 32.0215, 18.2324, 28.6017
18.7552, 42.9692, 20.1446, 28.5076, 0.2775, 96.0949, 0.9827, 84.8265, 17.4041, 34.4174, 18.3787, 30.7653
15.8579, 36.1418, 17.9015, 23.4161, 0.4399, 94.4174, 1.3915, 82.9800, 15.7732, 30.6471, 16.9356, 25.5171
22.1717, 26.5253, 21.8357, 22.9120, 0.4221, 94.4354, 0.6717, 90.7061, 19.1575, 39.1137, 20.2256, 33.9522
16.9683, 38.5338, 16.3062, 40.4071, 0.4605, 94.0296, 0.8096, 87.7676, 18.5393, 37.0595, 19.8243, 30.0051
14.6443, 55.9074, 16.6812, 36.1832, 0.5192, 93.9123, 1.7016, 78.5632, 15.9623, 51.5673, 16.9459, 45.0333
19.0678, 35.2605, 17.4463, 37.1913, 0.3321, 95.9596, 0.9023, 87.5707, 18.7894, 45.2725, 19.2866, 41.7075
18.4535, 34.0403, 18.2424, 32.8463, 0.3790, 96.2211, 0.7683, 90.4887, 23.7511, 35.1707, 24.3281, 32.5634
20.7305, 49.1090, 20.4572, 42.1936, 0.3742, 95.2020, 0.7901, 88.7062, 24.6737, 40.6166, 24.8134, 36.8321
17.0865, 50.0968, 18.5866, 40.0817, 0.4288, 94.8413, 1.5625, 81.8010, 17.8926, 56.2782, 18.8054, 49.9452
22.6993, 39.2408, 25.2989, 21.9932, 0.6558, 93.9935, 1.5948, 84.9364, 24.1261, 51.0271, 25.4056, 44.7701
22.4285, 28.1329, 21.6111, 30.5047, 0.4081, 94.3903, 0.9423, 87.9824, 20.4208, 41.1531, 21.9462, 32.7827
20.8618, 27.9101, 19.9091, 27.7547, 0.3993, 95.8333, 0.9374, 88.8443, 22.9425, 35.3618, 25.2532, 26.9790
23.0351, 22.1770, 23.9057, 19.2816, 0.6499, 93.0646, 1.1620, 86.4428, 24.6065, 24.9403, 27.4164, 16.3219
0.0325