epochs: 100, batch_size: 32, lr: 5e-05, method: SAM, rho: 0.05
VALIDATION
0.2837, 91.6038
0.0827, 97.8616
0.0703, 98.3333
0.0642, 98.3019
0.0472, 98.7107
0.0354, 98.9308
0.0368, 98.8994
0.0316, 99.0252
0.0318, 99.0566
0.0359, 98.9308
0.0278, 99.1195
0.0306, 99.1509
0.0298, 99.1195
0.0245, 98.9623
0.0239, 99.2453
0.0234, 99.4025
0.0343, 99.1195
0.0288, 99.1824
0.0298, 99.1824
0.0281, 99.1509
0.0301, 99.1824
0.0379, 99.0881
0.0344, 99.0881
0.0291, 99.3711
0.0285, 99.2138
0.0278, 99.1195
0.0347, 99.2138
0.0353, 98.9623
0.0376, 98.9623
0.0294, 99.1509
0.0294, 99.3396
0.0388, 99.1509
0.0388, 99.1824
0.0337, 99.0881
0.0329, 99.4025
0.0311, 99.0881
0.0379, 99.3082
0.0348, 99.3082
0.0332, 99.3082
0.0258, 99.3711
0.0324, 99.2138
0.0382, 99.2767
0.0355, 99.1195
0.0370, 99.2767
0.0373, 99.2453
0.0298, 99.3711
0.0323, 99.2453
0.0358, 99.0881
0.0419, 99.2767
0.0417, 99.2453
0.0357, 99.2138
0.0332, 99.4340
0.0412, 99.1824
0.0334, 99.2453
0.0372, 99.2767
0.0390, 99.0881
0.0367, 99.1824
0.0415, 99.2138
0.0333, 99.1509
0.0351, 99.3082
0.0286, 99.4025
0.0345, 99.0881
0.0343, 99.3082
0.0365, 99.2767
0.0412, 99.0881
0.0407, 99.1824
0.0400, 99.2767
0.0521, 99.0566
0.0401, 99.3082
0.0407, 99.3711
0.0410, 99.0881
0.0419, 99.2453
0.0446, 99.2453
0.0394, 99.1509
0.0293, 99.3396
0.0319, 99.4654
0.0365, 99.2767
0.0451, 99.2767
0.0349, 99.2767
0.0442, 99.2767
0.0262, 99.2767
0.0353, 99.3396
0.0377, 99.3396
0.0389, 99.3711
0.0338, 99.4025
0.0364, 99.2767
0.0331, 99.3082
0.0451, 99.3082
0.0335, 99.4025
0.0358, 99.4340
0.0297, 99.4340
0.0410, 99.0881
0.0401, 99.3082
0.0408, 99.2767
0.0337, 99.3396
0.0319, 99.4025
0.0383, 99.3396
0.0389, 99.2453
0.0414, 99.1195
0.0446, 99.2453
TEST
3.8011, 33.6239, 4.5890, 11.0509, 0.3808, 88.1223, 0.5215, 83.2562, 4.6842, 28.5231, 4.6592, 27.5711
5.8886, 32.9750, 6.8042, 14.5792, 0.4004, 89.1865, 0.6636, 82.4429, 5.3236, 35.5124, 5.2010, 34.8951
5.9027, 43.0467, 7.2189, 17.5397, 0.2597, 93.7229, 0.6122, 83.9876, 6.8663, 42.1747, 6.8521, 41.3566
7.0557, 39.8993, 8.4340, 17.3355, 0.3200, 93.4524, 0.5717, 87.9619, 9.1325, 32.8740, 8.9229, 32.7973
8.1882, 35.8512, 10.0105, 17.4440, 0.4178, 92.9113, 0.8372, 85.1973, 9.0597, 46.6064, 9.2310, 43.8711
7.6041, 46.7654, 9.5771, 23.8053, 0.4577, 92.2529, 1.0272, 82.4148, 9.5403, 46.4263, 9.3834, 48.2786
8.1753, 51.7238, 10.3585, 24.8772, 0.3578, 93.9755, 1.0249, 82.3739, 8.9302, 49.0097, 9.0185, 48.0520
9.4662, 47.0753, 11.6178, 27.8951, 0.3571, 94.8232, 0.8391, 85.4121, 10.6110, 45.3901, 10.7631, 43.3960
9.5222, 40.8580, 12.3597, 19.3900, 0.4547, 93.7771, 1.0923, 83.6372, 11.4903, 40.5101, 11.6258, 40.1944
11.6439, 37.9721, 14.1789, 14.0815, 0.2255, 96.4466, 0.4135, 92.0744, 13.5793, 32.4992, 13.6863, 30.0270
11.4878, 35.5414, 13.5953, 19.2816, 0.3169, 95.2832, 0.9634, 85.6525, 11.8422, 39.5289, 12.2707, 37.5850
11.2486, 31.5805, 13.1058, 19.7154, 0.3540, 95.1299, 0.7024, 88.4888, 11.7509, 49.8181, 11.5425, 49.6016
10.4396, 56.9436, 13.1153, 31.6595, 0.6761, 92.0635, 2.0693, 75.0492, 12.3903, 47.2972, 12.6036, 43.8564
10.7776, 48.0244, 13.5638, 26.6892, 0.4283, 94.5978, 0.9209, 86.9492, 13.6283, 42.8876, 13.6738, 41.0204
11.5085, 42.0589, 14.2404, 21.4254, 0.3665, 94.6519, 0.8225, 87.1077, 13.4141, 40.8004, 13.6120, 38.1990
13.0124, 31.9291, 15.4702, 17.7886, 0.4110, 94.9675, 0.8166, 89.0898, 14.1454, 40.6203, 14.2580, 37.2195
12.7682, 42.3397, 15.3687, 22.0188, 0.3565, 95.3463, 0.8726, 88.0387, 14.3671, 45.4966, 14.3867, 42.6358
12.2653, 42.9886, 15.3103, 23.6968, 0.4471, 94.8954, 1.0050, 87.6525, 13.8936, 48.0947, 14.0885, 44.3389
12.0158, 32.5295, 14.7033, 18.0757, 0.3550, 95.1118, 0.9535, 86.0131, 13.9635, 41.4692, 14.4160, 38.9445
11.7795, 42.6787, 14.8586, 25.8406, 0.3571, 95.7071, 0.8211, 88.8903, 13.7703, 41.9028, 14.1451, 39.8874
0.0234