epochs: 100, batch_size: 32, lr: 0.0001, method: SAM, rho: 0.005
VALIDATION
0.0834, 97.2956
0.0594, 98.1761
0.0535, 98.7421
0.0444, 98.7421
0.0477, 98.7107
0.0618, 98.2704
0.0451, 98.8050
0.0373, 98.8679
0.0365, 99.1509
0.0394, 99.0252
0.0419, 99.0566
0.0509, 98.6164
0.0460, 98.7107
0.0535, 98.9308
0.0374, 99.0881
0.0323, 99.1824
0.0396, 99.0252
0.0538, 98.6164
0.0353, 99.0881
0.0403, 99.1824
0.0373, 99.2767
0.0531, 99.0252
0.0432, 98.9623
0.0465, 99.0881
0.0411, 99.2138
0.0404, 99.2453
0.0438, 99.0881
0.0381, 99.0881
0.0400, 99.3711
0.0496, 99.0566
0.0444, 99.1509
0.0549, 99.1509
0.0455, 98.8679
0.0406, 99.1195
0.0584, 98.9308
0.0593, 99.2138
0.0435, 99.1195
0.0544, 99.1509
0.0523, 99.0252
0.0492, 98.8994
0.0460, 99.2453
0.0507, 99.3396
0.0481, 98.8994
0.0390, 99.1509
0.0384, 99.4654
0.0522, 99.1195
0.0563, 99.0881
0.0405, 99.3082
0.0647, 99.0566
0.0623, 99.1195
0.0574, 98.9937
0.0591, 99.0252
0.0462, 98.9623
0.0404, 99.2767
0.0608, 99.1195
0.0448, 99.2767
0.0603, 99.1824
0.0476, 99.4025
0.0682, 98.5535
0.0703, 98.8994
0.0412, 99.3396
0.0584, 98.9937
0.0339, 99.1824
0.0505, 99.2138
0.0411, 99.4340
0.0442, 99.2767
0.0392, 99.3082
0.0364, 99.3396
0.0369, 99.4654
0.0387, 99.4340
0.0383, 99.3711
0.0439, 99.4025
0.0541, 99.2453
0.0523, 99.2767
0.0400, 99.2767
0.0358, 99.4654
0.0593, 99.4025
0.0445, 99.0881
0.0347, 99.3396
0.0447, 99.3396
0.0453, 99.2453
0.0674, 99.0566
0.0455, 99.3711
0.0503, 99.2767
0.0350, 99.2453
0.0377, 99.2767
0.0509, 98.8679
0.0406, 99.2767
0.0355, 99.4969
0.0355, 99.6226
0.0467, 99.3711
0.0544, 99.4969
0.0580, 99.0566
0.0683, 98.9937
0.0406, 99.4025
0.0474, 99.4025
0.0442, 99.0881
0.0312, 99.3711
0.0380, 99.3396
0.0496, 99.4654
TEST
5.0091, 39.0761, 6.1343, 18.7010, 0.7078, 83.5498, 1.1242, 73.3741, 6.5268, 26.5278, 6.5524, 25.1663
8.1316, 32.7426, 10.0169, 10.8339, 0.6095, 86.8597, 1.0456, 77.8497, 8.9940, 33.4142, 9.1893, 32.3222
8.2741, 35.1927, 10.5634, 9.6472, 0.5554, 88.0501, 1.0104, 80.0772, 10.8906, 30.6177, 11.2101, 28.1412
10.5379, 38.8437, 13.5852, 13.7817, 0.4910, 92.2799, 1.1806, 81.7601, 13.6334, 36.0857, 13.4886, 35.2167
6.9291, 45.7873, 8.9676, 19.7665, 0.4205, 92.6046, 0.7607, 85.9850, 11.5714, 39.8633, 11.9026, 34.0399
11.3526, 32.7716, 13.7577, 15.5299, 0.3501, 94.7511, 0.5515, 90.4555, 15.6754, 26.2779, 15.8995, 23.5728
11.7720, 43.1145, 13.5379, 20.5449, 0.3683, 95.1389, 0.7012, 89.1333, 15.7104, 32.7086, 15.7006, 32.3953
11.1940, 35.9868, 13.0364, 22.9758, 0.6572, 89.7096, 1.6924, 75.1157, 12.8630, 36.0526, 13.0415, 34.0838
10.9800, 38.4079, 14.0989, 17.8396, 0.5912, 91.8741, 0.9223, 86.5119, 15.9415, 33.2084, 16.2218, 29.2888
14.2107, 27.5518, 17.6179, 12.4737, 0.4747, 93.3261, 1.0295, 86.3763, 17.5185, 33.5685, 17.2988, 31.5547
17.6786, 9.1032, 18.3146, 9.0538, 0.4548, 93.1457, 0.8781, 86.7778, 19.0178, 30.6471, 19.1000, 29.6396
10.2810, 44.5381, 13.8481, 12.2121, 0.5667, 91.4051, 1.0315, 84.2715, 14.3072, 40.1720, 14.4167, 36.8833
10.0370, 45.3419, 12.3382, 24.6092, 0.6400, 91.5675, 1.4820, 80.1258, 14.1342, 40.1279, 13.8272, 41.3420
10.6088, 39.2989, 13.4307, 20.1812, 0.6309, 91.6847, 1.1149, 84.6219, 14.7337, 38.3750, 14.9747, 35.1363
16.2257, 24.2398, 17.5009, 16.8315, 0.3953, 93.8402, 0.6742, 88.4044, 15.5763, 36.7141, 15.3887, 37.9212
13.7054, 44.7995, 17.2095, 19.3709, 0.5014, 93.9214, 1.0519, 86.3865, 17.1232, 33.8000, 17.6942, 28.7625
11.6041, 50.4358, 15.0449, 18.8477, 0.3940, 94.8864, 0.8494, 87.0208, 16.3260, 36.8096, 16.4865, 33.1262
14.3357, 48.4118, 18.8910, 16.9017, 0.4646, 94.9495, 0.9809, 87.0310, 18.4290, 39.3415, 18.6195, 36.4520
11.5260, 45.8164, 16.0373, 20.3599, 0.6943, 91.9913, 1.4215, 82.7140, 16.6269, 39.6722, 16.8325, 36.3131
11.2383, 56.0430, 14.5845, 27.7866, 0.5257, 94.1739, 1.2623, 83.5401, 15.2411, 40.3337, 15.8213, 34.2153
0.0312