epochs: 100, batch_size: 32, lr: 0.0005, method: SAM, rho: 0.1
VALIDATION
0.0993, 97.5157
0.0583, 98.1447
0.0781, 97.9245
0.0549, 98.4906
0.0496, 98.6478
0.0412, 98.4277
0.0412, 98.7107
0.0406, 98.6792
0.0335, 98.9623
0.0295, 99.0252
0.0334, 98.9308
0.0352, 98.8679
0.0313, 99.0252
0.0306, 99.0252
0.0412, 98.8994
0.0271, 99.3082
0.0341, 99.0881
0.0282, 99.0881
0.0290, 99.2138
0.0265, 99.3396
0.0265, 99.2138
0.0337, 99.1824
0.0386, 99.0881
0.0312, 99.3396
0.0537, 98.9623
0.0300, 98.9937
0.0279, 99.3396
0.0288, 99.2138
0.0322, 99.0566
0.0409, 98.9623
0.0314, 99.2767
0.0378, 99.1824
0.0316, 99.0566
0.0325, 99.1824
0.0274, 99.1824
0.0481, 98.8994
0.0454, 98.8994
0.0466, 99.2453
0.0402, 99.2767
0.0380, 99.1195
0.0336, 99.2767
0.0373, 99.2453
0.0296, 99.2453
0.0389, 99.2138
0.0360, 99.2453
0.0534, 99.1195
0.0289, 99.3396
0.0292, 99.1824
0.0471, 99.0566
0.0284, 99.3396
0.0439, 99.3082
0.0482, 99.1509
0.0318, 99.2138
0.0383, 99.2767
0.0492, 99.1824
0.0581, 98.8679
0.0278, 99.2453
0.0366, 99.2767
0.0539, 99.0566
0.0389, 99.1509
0.0453, 99.3082
0.0438, 99.3711
0.0491, 99.3082
0.0409, 99.2767
0.0468, 98.9937
0.0385, 99.3711
0.0270, 99.2767
0.0314, 99.4025
0.0384, 99.3396
0.0435, 99.1509
0.0458, 99.2767
0.0403, 99.2138
0.0472, 99.3396
0.0491, 99.1195
0.0418, 99.2453
0.0498, 99.2767
0.0446, 99.1824
0.0367, 99.2453
0.0418, 99.3082
0.0408, 99.3082
0.0637, 98.8050
0.0448, 99.3396
0.0480, 99.2138
0.0360, 99.1195
0.0368, 99.3711
0.0448, 99.1509
0.0335, 99.4025
0.0548, 99.2453
0.0520, 99.1824
0.0423, 99.2138
0.0457, 99.2138
0.0733, 99.0566
0.0500, 99.1195
0.0437, 99.1824
0.0338, 99.3711
0.0337, 99.2453
0.0429, 99.4654
0.0478, 99.2138
0.0448, 99.2767
0.0465, 99.2453
TEST
4.6296, 35.5510, 5.5813, 11.9122, 0.3574, 91.8290, 0.4492, 87.9287, 5.5420, 26.1456, 5.5213, 24.2672
6.2405, 38.1077, 7.1719, 14.1326, 0.3009, 92.8120, 0.6984, 82.4480, 7.0251, 33.1459, 6.8895, 32.8850
8.3635, 38.2626, 9.8941, 15.2045, 0.2703, 94.9585, 0.4506, 91.6447, 9.7123, 28.4239, 9.7203, 27.3737
7.0965, 48.9735, 8.5487, 26.0576, 0.3293, 93.4343, 0.6978, 85.2766, 10.7598, 32.5469, 10.6605, 29.7712
10.6630, 50.3971, 12.7495, 24.6475, 0.3403, 94.6429, 0.8066, 86.5400, 10.7054, 41.9910, 11.3132, 36.8540
13.5968, 37.9431, 15.0137, 19.4857, 0.2609, 95.2832, 0.5574, 89.0182, 15.8055, 33.2525, 16.0562, 27.6734
13.8378, 42.6787, 17.0462, 14.5601, 0.2857, 95.4275, 0.5285, 91.1307, 13.1484, 39.3635, 13.6160, 33.8206
13.2479, 53.0409, 15.9456, 26.4978, 0.5015, 93.1277, 1.1133, 84.8495, 11.1528, 54.0771, 11.6892, 48.8488
15.5895, 35.0184, 16.5127, 23.5564, 0.3565, 95.2201, 0.6695, 89.8315, 15.8052, 40.3337, 16.3469, 33.0897
14.3415, 52.2855, 18.1035, 20.2322, 0.3151, 96.0768, 0.8095, 88.3405, 14.7272, 45.9450, 15.4344, 40.0629
12.7542, 43.1726, 14.2924, 28.9479, 0.4542, 94.7962, 1.0712, 86.2587, 12.7031, 53.7206, 13.1680, 47.3723
17.4840, 37.6235, 19.1047, 17.4887, 0.3103, 96.0768, 0.6882, 90.6805, 16.7840, 41.2560, 17.3896, 36.7225
17.6314, 46.6783, 19.7710, 29.6114, 0.4162, 96.0047, 0.6879, 92.0028, 19.7602, 33.1716, 20.2643, 27.0375
17.2057, 45.3612, 20.3231, 17.9736, 0.2271, 96.7893, 0.4660, 92.6370, 19.4842, 38.8638, 19.9727, 35.5603
12.9500, 58.1542, 17.3250, 22.4462, 0.5121, 94.2100, 1.3018, 83.1820, 14.2276, 57.6930, 14.6419, 53.4391
17.2741, 51.2299, 21.8893, 23.3012, 0.4955, 95.5357, 0.9990, 90.2151, 22.5102, 34.7297, 23.6512, 29.1572
16.3598, 51.7529, 20.7200, 20.4556, 0.4946, 95.7973, 1.0243, 89.2458, 17.0507, 47.0841, 17.2596, 44.7920
24.0288, 34.7085, 25.2879, 16.7996, 0.4751, 95.1569, 0.7066, 91.4427, 19.7108, 43.7769, 20.6097, 38.8495
14.8938, 52.3533, 17.9745, 23.0588, 0.5774, 93.9665, 1.1684, 86.1640, 15.4563, 52.0413, 15.7462, 47.5623
18.4862, 46.5814, 20.8724, 26.9189, 0.4309, 95.9957, 0.8811, 90.6192, 20.0135, 47.0437, 21.1722, 39.1273
0.0265