epochs: 100, batch_size: 32, lr: 0.0001, method: SAM, rho: 0.001
VALIDATION
0.1359, 95.5031
0.0932, 97.2642
0.0643, 98.0503
0.0602, 98.2075
0.0724, 98.0189
0.0464, 98.6164
0.0659, 98.1132
0.0608, 98.4277
0.0483, 98.3648
0.0407, 98.4906
0.0507, 98.6478
0.0623, 98.2704
0.0481, 98.3962
0.0700, 98.2704
0.0463, 98.8994
0.0554, 98.6164
0.0444, 98.8679
0.0520, 98.7421
0.0631, 98.5220
0.0392, 99.2138
0.0538, 98.7107
0.0474, 98.8994
0.0390, 99.0252
0.0556, 98.6164
0.0367, 99.1509
0.0461, 98.9937
0.0438, 99.1824
0.0584, 98.8365
0.0401, 98.9937
0.0517, 98.8994
0.0499, 98.7107
0.0476, 98.9937
0.0609, 98.5220
0.0409, 99.1195
0.0424, 98.9623
0.0512, 98.8679
0.0477, 98.9623
0.0427, 99.1195
0.0464, 98.9308
0.0765, 98.0503
0.0422, 98.8994
0.0388, 99.3396
0.0442, 99.0566
0.0416, 98.9937
0.0396, 99.1195
0.0471, 99.0566
0.0673, 98.6478
0.0447, 98.8679
0.0502, 98.9308
0.0468, 99.2453
0.0394, 99.1509
0.0344, 99.3396
0.0379, 99.0566
0.0502, 98.9937
0.0380, 99.0881
0.0559, 98.8365
0.0520, 98.8679
0.0388, 99.0881
0.0444, 99.1509
0.0346, 99.3396
0.0616, 98.6164
0.0305, 99.3396
0.0272, 99.3082
0.0385, 99.4340
0.0453, 99.1195
0.0397, 99.0252
0.0407, 99.0566
0.0486, 99.3082
0.0589, 98.8365
0.0430, 99.3082
0.0423, 99.2138
0.0525, 99.1509
0.0670, 99.3396
0.0500, 99.3396
0.0369, 99.3396
0.0364, 99.3711
0.0334, 99.4025
0.0465, 98.8994
0.0331, 99.3082
0.0324, 99.4025
0.0649, 98.7107
0.0529, 99.0881
0.0337, 99.1509
0.0578, 98.8994
0.0407, 99.1509
0.0399, 99.1509
0.0535, 98.9308
0.0482, 98.9937
0.0363, 99.3082
0.0502, 99.0881
0.0445, 99.2138
0.0330, 99.4340
0.0334, 99.3082
0.0370, 99.4025
0.0387, 99.4654
0.0369, 99.3711
0.0395, 99.3082
0.0418, 99.2453
0.0465, 99.0566
0.0351, 99.4340
TEST
5.7311, 39.8993, 7.1210, 15.0131, 0.7827, 83.5137, 1.3784, 71.4253, 7.6462, 31.2424, 7.6710, 33.2066
7.9482, 29.7501, 9.9087, 7.9500, 0.5240, 89.7457, 0.9675, 81.2665, 9.2567, 30.9631, 9.0668, 31.7521
8.9390, 29.1885, 11.2995, 9.2707, 0.2575, 94.4535, 0.6109, 86.6116, 12.5109, 25.8332, 12.4144, 24.9105
9.5166, 33.6626, 11.3967, 13.4882, 0.4239, 92.4784, 0.7143, 86.9620, 12.9341, 27.9866, 12.6615, 26.7524
9.0865, 40.3448, 12.4730, 14.3942, 0.6496, 89.5202, 1.3023, 79.0031, 13.9378, 26.4028, 14.0357, 26.4308
8.4131, 49.1768, 11.9275, 20.7682, 0.7648, 89.6014, 1.5557, 77.5709, 14.8328, 25.6789, 14.8080, 26.0288
11.5373, 37.3620, 14.3581, 12.4928, 0.5481, 91.1526, 1.0730, 83.6014, 14.1942, 34.2336, 14.5193, 32.7388
10.5484, 44.8867, 10.1262, 36.5405, 0.9751, 83.3965, 1.7143, 73.3485, 18.3691, 6.5557, 18.5908, 5.1531
9.9973, 53.1377, 13.0713, 26.1150, 0.5950, 90.6385, 1.6576, 76.4073, 13.2035, 33.5244, 13.0464, 33.2066
11.2386, 39.3957, 14.1798, 19.1029, 0.7921, 90.1335, 1.4295, 82.1718, 18.7633, 22.9559, 18.5352, 24.3915
11.1197, 45.0126, 14.4669, 20.0536, 0.5892, 92.3160, 0.8880, 87.5962, 19.2514, 24.3266, 19.4296, 23.4559
12.9014, 42.0686, 16.4926, 16.2062, 0.5814, 92.5685, 1.2258, 84.1564, 17.3303, 33.5538, 17.3449, 33.5209
14.5352, 36.1127, 18.8897, 11.8229, 0.4045, 94.1649, 0.7973, 87.9082, 18.3916, 30.1400, 18.4856, 29.6689
12.2986, 45.1385, 16.9480, 15.9127, 0.5309, 92.8301, 1.4066, 82.5222, 17.0505, 40.3925, 16.9725, 40.3625
12.4139, 45.8842, 15.2295, 20.1429, 0.2959, 95.4455, 0.7734, 87.4530, 18.2740, 35.0531, 18.1466, 35.7649
12.4476, 42.0976, 16.3183, 17.7758, 0.4964, 94.1919, 1.3103, 83.0567, 17.1744, 36.6002, 16.9813, 36.1377
12.6446, 44.8673, 15.5687, 23.6458, 0.4973, 93.8131, 1.0446, 85.9185, 16.9878, 34.7995, 17.0181, 31.6497
9.6150, 57.8249, 12.9317, 28.8841, 0.4435, 94.4084, 1.1281, 84.6295, 19.0530, 35.8174, 19.2127, 34.9609
11.6995, 48.3246, 16.1624, 23.5245, 0.5925, 93.7951, 1.4783, 83.4275, 19.9334, 34.3770, 19.8598, 33.1555
13.4644, 45.8261, 18.0885, 17.4057, 0.3027, 95.7882, 0.8994, 86.8673, 19.1269, 35.2773, 19.0373, 34.0838
0.0272