epochs: 100, batch_size: 32, lr: 0.0005, method: SAM, rho: 0.005
VALIDATION
0.1098, 96.6667
0.0784, 97.7673
0.0660, 98.1761
0.0753, 98.1761
0.0633, 98.3019
0.0604, 98.3333
0.0571, 98.4591
0.0449, 98.7736
0.0681, 98.3648
0.0603, 98.3648
0.0622, 98.6478
0.0508, 98.8050
0.0761, 98.1761
0.0435, 98.8365
0.0602, 98.8994
0.0599, 98.6478
0.0627, 98.4591
0.0563, 98.4906
0.0687, 98.6792
0.0655, 98.4277
0.0632, 98.2704
0.0509, 99.0566
0.0645, 98.7421
0.0594, 98.4906
0.0682, 98.8050
0.0783, 98.6792
0.0624, 98.7421
0.0728, 98.4591
0.0924, 98.5535
0.0687, 98.6478
0.0570, 98.9308
0.0507, 98.9308
0.0487, 98.8679
0.0600, 99.0566
0.0639, 98.8679
0.0669, 98.4591
0.0658, 98.6478
0.0724, 98.7107
0.0810, 98.9623
0.0675, 99.1509
0.0638, 98.8679
0.0664, 99.0252
0.0686, 99.0566
0.0720, 98.8994
0.0636, 98.7736
0.0696, 98.8994
0.0934, 98.9308
0.0698, 98.8994
0.0847, 98.9308
0.0638, 98.9308
0.0901, 98.7107
0.0984, 98.8050
0.0641, 99.0252
0.0696, 99.0566
0.0698, 99.0252
0.0507, 98.8365
0.0785, 98.8994
0.0570, 98.9623
0.0700, 99.0566
0.1002, 98.8679
0.0748, 99.0881
0.0864, 98.4277
0.0655, 99.0881
0.0715, 99.0566
0.0683, 98.8679
0.1000, 98.9623
0.0681, 99.0881
0.0716, 99.0566
0.0800, 99.0566
0.1019, 98.7736
0.0924, 98.7107
0.0886, 99.1509
0.0911, 99.1195
0.1343, 98.6792
0.0637, 98.9623
0.1020, 98.6164
0.0818, 98.9623
0.0653, 99.1195
0.0734, 98.9937
0.0670, 99.2767
0.1040, 98.1761
0.0650, 99.0252
0.0716, 99.0881
0.0867, 99.0252
0.0682, 99.0566
0.1013, 98.8365
0.0806, 98.6792
0.1136, 98.6792
0.0837, 98.7736
0.0651, 98.7421
0.0747, 99.1195
0.0799, 99.0252
0.0766, 98.8365
0.0904, 98.8994
0.0973, 98.9623
0.1963, 98.6478
0.1014, 98.4906
0.0873, 98.8050
0.0803, 99.0881
0.0919, 98.8994
TEST
6.2151, 40.1704, 7.2770, 12.7863, 0.6761, 84.5689, 1.2900, 68.7681, 7.1305, 38.4596, 7.2791, 37.6361
8.5192, 19.5138, 9.0748, 6.7505, 0.4893, 88.1674, 0.7654, 80.7140, 7.4692, 34.6452, 7.4123, 33.4844
10.6705, 47.2109, 12.9084, 9.9853, 0.3033, 93.5696, 0.7774, 82.0337, 15.9805, 31.2939, 16.2954, 28.0316
10.5008, 38.3885, 12.5746, 5.9082, 0.2813, 94.5887, 0.5547, 87.7778, 13.7272, 38.3346, 13.9839, 36.4008
12.9833, 56.1302, 14.6055, 20.8129, 0.4488, 92.1537, 1.5723, 74.3587, 14.9285, 38.7462, 15.1396, 37.5630
12.2024, 57.1276, 16.1068, 6.5591, 0.2363, 95.0758, 1.0702, 78.1489, 12.9587, 52.5080, 13.1362, 52.0722
12.4713, 51.8884, 15.6293, 14.1709, 0.4136, 94.7511, 1.3654, 78.8036, 17.5782, 42.6928, 17.8460, 40.0556
12.2565, 44.2669, 14.1724, 9.3600, 0.2596, 96.7082, 0.6588, 88.7036, 16.3051, 37.5409, 16.7008, 35.2898
9.5045, 62.6186, 13.5413, 10.7127, 0.2784, 94.8503, 1.0274, 81.6271, 15.9529, 44.1995, 16.1706, 43.0816
13.4684, 32.2003, 16.5003, 10.4447, 0.3775, 94.6970, 1.0276, 84.5042, 17.1583, 46.0478, 16.8858, 46.0054
16.3751, 50.1549, 18.3898, 18.7775, 0.3544, 95.7161, 1.0482, 85.3226, 18.8554, 36.9897, 19.1537, 32.0591
22.1811, 40.1898, 24.7250, 9.0283, 0.2920, 95.9596, 0.5560, 90.8672, 30.4369, 28.4276, 30.4997, 27.0229
13.3187, 59.0064, 16.8055, 15.1088, 0.4011, 94.3092, 1.4705, 76.9034, 16.3841, 44.4310, 16.5441, 41.1666
20.7395, 53.2346, 23.7972, 14.2730, 0.2380, 96.7713, 0.5282, 91.4376, 19.0263, 39.8119, 19.2472, 38.6010
19.1987, 42.6787, 22.4988, 15.2428, 0.4947, 95.2832, 1.0137, 87.9108, 19.1794, 43.3139, 19.1377, 40.6038
19.2456, 49.9613, 22.1862, 16.8698, 0.3713, 96.4556, 0.7134, 91.1051, 19.6698, 41.3626, 19.6660, 39.6755
14.6077, 50.0484, 19.4899, 9.3728, 0.2776, 96.4556, 0.4896, 92.5475, 17.5182, 38.0664, 17.3923, 37.6361
11.6292, 62.6574, 15.8775, 14.0752, 0.4425, 95.2381, 1.4120, 82.0516, 15.9769, 47.6537, 16.1097, 44.2512
18.6788, 37.5073, 20.9158, 11.3444, 0.2403, 97.2132, 0.5191, 92.5935, 25.5120, 35.6741, 25.6843, 32.3295
15.4881, 59.1517, 19.3901, 13.7944, 0.3270, 95.6620, 1.2034, 80.5580, 19.3688, 48.7230, 19.2996, 48.6953
0.0435