epochs: 100, batch_size: 32, lr: 5e-05, method: SAM, rho: 0.1
VALIDATION
0.7384, 70.8805
0.1597, 95.6918
0.0888, 97.8931
0.0768, 98.0189
0.0654, 98.3333
0.0542, 98.2704
0.0538, 98.1761
0.0438, 98.5849
0.0457, 98.6792
0.0426, 98.7736
0.0376, 98.8365
0.0342, 98.7736
0.0372, 98.7421
0.0345, 98.8994
0.0337, 98.8994
0.0279, 99.0252
0.0323, 98.9308
0.0300, 98.9937
0.0313, 99.0881
0.0424, 98.8365
0.0339, 99.1824
0.0420, 98.9623
0.0311, 99.2767
0.0407, 98.8994
0.0381, 99.0881
0.0342, 99.0881
0.0341, 99.1509
0.0349, 99.0881
0.0364, 99.0566
0.0459, 99.0252
0.0294, 99.1195
0.0328, 99.2453
0.0399, 99.0252
0.0342, 99.1195
0.0331, 99.2138
0.0519, 98.8365
0.0354, 99.0881
0.0481, 98.9308
0.0485, 98.9937
0.0424, 98.8679
0.0397, 98.8994
0.0454, 99.0566
0.0462, 98.9623
0.0457, 98.9308
0.0396, 98.9623
0.0423, 99.0881
0.0463, 98.9308
0.0572, 98.9308
0.0446, 99.1824
0.0360, 99.1824
0.0554, 98.8994
0.0446, 99.1509
0.0512, 99.0252
0.0451, 99.0881
0.0409, 99.0881
0.0429, 99.1509
0.0408, 99.1509
0.0431, 99.2453
0.0450, 99.0566
0.0461, 99.1195
0.0495, 99.0881
0.0468, 99.0566
0.0469, 99.0881
0.0555, 98.9308
0.0527, 98.9623
0.0513, 99.0881
0.0540, 99.1509
0.0560, 98.9937
0.0543, 99.1509
0.0439, 99.1824
0.0396, 99.0881
0.0395, 99.1195
0.0504, 98.9623
0.0487, 98.9937
0.0575, 99.0252
0.0577, 98.9937
0.0713, 98.7736
0.0530, 98.9308
0.0482, 99.1824
0.0508, 99.0566
0.0524, 99.1509
0.0427, 99.2453
0.0560, 98.9623
0.0622, 98.9937
0.0581, 99.0566
0.0671, 98.8365
0.0434, 99.0566
0.0677, 98.8365
0.0515, 99.1195
0.0645, 98.8050
0.0485, 99.0252
0.0568, 99.1195
0.0575, 99.0566
0.0528, 99.0566
0.0461, 99.1824
0.0624, 98.8994
0.0522, 99.0566
0.0612, 99.0881
0.0474, 99.0881
0.0587, 99.0252
TEST
3.4553, 32.5489, 4.2176, 10.5787, 0.4017, 86.8326, 0.6803, 77.0364, 3.7955, 38.0737, 3.8270, 35.9623
5.0666, 34.7763, 6.0193, 11.0253, 0.2247, 93.3802, 0.4262, 87.1103, 5.0987, 29.8975, 5.1381, 28.0096
5.5165, 44.9642, 6.7983, 13.6732, 0.2638, 92.3160, 0.6359, 83.0823, 5.5006, 48.4070, 5.6788, 46.0346
7.5042, 37.8946, 8.8200, 15.7149, 0.1551, 96.6450, 0.3605, 91.5015, 8.8215, 33.4179, 8.9022, 31.1015
6.5950, 50.1840, 8.2561, 22.7780, 0.2771, 94.3633, 0.7212, 85.2510, 8.2348, 46.3418, 8.2962, 43.2425
7.9484, 52.0628, 9.4481, 22.5675, 0.2138, 96.1310, 0.5792, 89.4402, 10.3507, 42.8582, 10.4551, 40.9108
8.0011, 47.9469, 9.1291, 31.5575, 0.3451, 94.4625, 0.8103, 86.3021, 10.7969, 41.3920, 11.2765, 38.5864
10.1685, 32.2003, 11.6187, 22.5547, 0.3478, 94.2370, 0.9082, 84.6193, 10.2010, 48.8664, 10.5392, 45.6399
9.8250, 32.8394, 10.9324, 28.2524, 0.2140, 96.1580, 0.5052, 89.8954, 11.2543, 46.9959, 11.4537, 44.7847
10.5138, 51.8013, 12.4424, 23.3267, 0.3411, 95.0758, 1.0064, 84.9237, 12.3959, 47.4920, 12.9965, 42.8989
10.9230, 42.9983, 12.3121, 21.9103, 0.4296, 93.8222, 0.8520, 87.2919, 13.2428, 41.0172, 13.8545, 38.1624
10.2250, 45.6808, 11.5642, 25.2536, 0.3090, 95.6259, 0.6866, 89.1486, 12.9530, 45.6216, 13.4427, 40.7280
11.3776, 52.0434, 13.2547, 27.6527, 0.2143, 96.7713, 0.5523, 90.5578, 12.8978, 46.9151, 13.6425, 41.4078
10.3463, 45.4193, 12.4794, 27.5123, 0.3563, 95.4996, 1.0461, 85.1564, 13.9365, 38.2354, 14.4499, 37.1683
10.3915, 49.4383, 13.1218, 27.2762, 0.7917, 89.2947, 2.2076, 73.5864, 11.2456, 55.6756, 11.7628, 52.9567
11.8967, 52.2564, 13.9547, 26.5488, 0.3405, 95.9055, 0.8778, 87.4070, 15.1291, 36.8537, 15.7164, 35.3337
11.2731, 57.3116, 13.1308, 34.7540, 0.3796, 95.4636, 1.1322, 85.6193, 13.7152, 51.5085, 14.6456, 44.2804
13.8140, 40.6062, 15.2771, 22.5994, 0.3970, 95.2742, 0.9256, 87.4684, 14.9437, 38.5514, 15.0921, 35.0121
13.3830, 40.4513, 15.0652, 25.5216, 0.3519, 95.6349, 0.8842, 87.5809, 13.4794, 50.3656, 13.8260, 46.9191
12.7954, 45.6808, 14.7334, 22.2612, 0.3036, 95.9325, 0.7929, 88.5578, 14.4977, 42.7810, 14.6266, 37.8847
0.0279