epochs: 100, batch_size: 32, lr: 1e-05, method: SAM, rho: 0.01
VALIDATION
0.6565, 73.4906
0.2852, 89.8113
0.1775, 94.4025
0.1313, 96.0692
0.1122, 96.2893
0.1024, 96.7610
0.0900, 97.0755
0.0838, 97.2013
0.0812, 97.2327
0.0747, 97.7044
0.0777, 97.4214
0.0765, 97.3270
0.0827, 97.4843
0.0816, 97.4843
0.0758, 97.4528
0.0791, 97.7044
0.0696, 97.7044
0.0674, 97.8616
0.0807, 97.7987
0.0768, 97.8616
0.0653, 98.1761
0.0745, 97.7673
0.0835, 98.0189
0.0764, 97.7358
0.0825, 97.8616
0.0668, 98.1761
0.0757, 97.9874
0.0664, 97.9874
0.0729, 98.1132
0.0702, 97.9874
0.0690, 98.1447
0.0778, 97.9874
0.0690, 97.9245
0.0730, 98.0818
0.0726, 98.2704
0.0704, 98.3648
0.0682, 98.1132
0.0612, 98.1447
0.0737, 98.2704
0.0694, 98.1132
0.0713, 98.1447
0.0765, 98.1447
0.0728, 98.1447
0.0770, 98.3019
0.0809, 98.2075
0.0743, 98.3333
0.0588, 98.4277
0.0756, 97.9874
0.0651, 98.3019
0.0581, 98.3962
0.0682, 98.3962
0.0742, 98.3648
0.0778, 98.2075
0.0738, 98.5535
0.0885, 98.0503
0.0683, 98.2704
0.0663, 98.4277
0.0711, 98.3333
0.0669, 98.2704
0.0611, 98.4906
0.0653, 98.3962
0.0765, 98.1761
0.0648, 98.1447
0.0599, 98.3648
0.0596, 98.5535
0.0699, 98.2075
0.0747, 98.4277
0.0748, 98.3333
0.0613, 98.5849
0.0777, 98.4591
0.0822, 98.3962
0.0689, 98.3019
0.0777, 98.3019
0.0706, 98.4277
0.0658, 98.5535
0.0601, 98.5535
0.0554, 98.3962
0.0706, 98.4906
0.0761, 98.4277
0.0567, 98.5220
0.0568, 98.6164
0.0608, 98.6478
0.0738, 98.4591
0.0677, 98.5220
0.0787, 98.3962
0.0625, 98.4591
0.0612, 98.3962
0.0841, 98.3648
0.0725, 98.4277
0.0692, 98.4591
0.0554, 98.5535
0.0682, 98.4906
0.0571, 98.7107
0.0719, 98.6478
0.0752, 98.3648
0.0673, 98.6478
0.0811, 98.4906
0.0853, 98.2075
0.0673, 98.7107
0.0657, 98.7421
TEST
3.7738, 24.4141, 4.0704, 10.6616, 0.7776, 73.2413, 0.9033, 69.2259, 3.9357, 29.3573, 3.8489, 30.1659
4.9498, 25.4406, 5.5594, 12.0717, 0.6761, 79.9242, 0.8385, 75.1899, 5.7996, 27.5089, 5.6864, 27.6588
5.5504, 27.2710, 6.4809, 9.4047, 0.5757, 84.2713, 0.8424, 76.3510, 6.8330, 32.9512, 6.7338, 32.6438
6.2086, 30.7283, 7.3790, 11.2550, 0.6662, 84.2713, 0.9838, 77.4635, 8.2772, 29.5484, 8.1647, 30.0855
6.5520, 30.8638, 7.8507, 8.6837, 0.5686, 87.2385, 0.8542, 80.6143, 8.9700, 29.9636, 8.8041, 29.9101
6.1516, 38.4079, 7.5787, 14.3623, 0.6446, 86.4448, 1.0618, 77.9366, 9.4833, 30.7757, 9.3568, 30.5460
6.9491, 34.2340, 8.8377, 8.5880, 0.5840, 88.1854, 0.9257, 80.7422, 9.8423, 31.9075, 9.6764, 32.1541
7.1424, 40.2867, 9.0732, 9.9917, 0.5222, 89.8990, 0.9227, 80.9468, 10.3854, 35.0090, 10.2369, 34.1934
7.6350, 35.3477, 9.7693, 8.0202, 0.4576, 91.1616, 0.8242, 83.3073, 10.5700, 34.1160, 10.4719, 32.5415
7.2418, 43.4534, 9.4510, 12.8756, 0.5699, 89.0152, 1.0738, 79.3944, 10.6838, 35.0604, 10.5188, 33.9814
7.5988, 45.2741, 9.4697, 16.4168, 0.5737, 90.0884, 0.9428, 82.2818, 11.5091, 30.6140, 11.4416, 30.5095
7.5832, 41.2745, 9.7764, 11.1529, 0.5175, 90.5754, 1.0136, 80.6501, 10.8734, 34.2741, 10.6869, 33.2578
7.7064, 42.8627, 10.2390, 10.4192, 0.5166, 91.1075, 0.9482, 83.0541, 11.1970, 36.0600, 10.9916, 36.0281
8.5112, 41.8942, 10.6723, 11.8229, 0.5692, 90.2417, 1.0487, 81.8010, 12.0132, 34.8142, 11.9763, 34.5004
8.4602, 44.6930, 10.8687, 11.7718, 0.4977, 91.7118, 1.0306, 81.8035, 11.8975, 35.9644, 11.8439, 35.3848
8.5806, 39.2698, 10.9393, 10.7255, 0.5302, 91.5043, 0.9049, 83.9748, 11.9450, 33.0026, 11.8180, 32.0810
8.3587, 42.8724, 11.0893, 10.2597, 0.5579, 90.2417, 1.0062, 81.1949, 12.1149, 38.1840, 11.9751, 38.6302
8.3948, 44.8964, 11.0355, 13.4244, 0.4616, 92.7850, 0.9529, 83.2511, 12.3268, 37.2837, 12.1916, 36.6859
8.3660, 45.9035, 11.3643, 14.4006, 0.4775, 93.1277, 1.0415, 83.3610, 12.6100, 33.2525, 12.5906, 32.0664
8.5492, 45.1579, 11.6740, 11.8229, 0.4789, 92.7128, 1.0014, 84.0106, 12.3237, 37.2726, 12.2571, 36.0719
0.0554