epochs: 100, batch_size: 32, lr: 0.0001, method: SAM, rho: 0.1
VALIDATION
0.3057, 89.1195
0.0867, 97.5472
0.0674, 97.8931
0.0569, 98.4277
0.0479, 98.5220
0.0431, 98.6792
0.0374, 98.8679
0.0380, 98.8365
0.0372, 98.8365
0.0358, 99.1195
0.0293, 99.0566
0.0359, 98.9937
0.0302, 99.1195
0.0306, 99.2767
0.0283, 99.2453
0.0272, 99.3711
0.0324, 98.9937
0.0331, 99.0566
0.0330, 99.3711
0.0368, 99.1195
0.0336, 99.2138
0.0345, 99.1824
0.0283, 99.3082
0.0322, 99.4340
0.0388, 99.2453
0.0336, 99.3396
0.0477, 99.1509
0.0365, 99.1509
0.0305, 99.4025
0.0314, 99.3396
0.0434, 99.0881
0.0465, 99.3082
0.0512, 99.1195
0.0427, 99.2767
0.0388, 99.2767
0.0400, 99.3082
0.0333, 99.3396
0.0450, 99.3082
0.0448, 99.1509
0.0372, 99.3082
0.0388, 99.2453
0.0473, 99.3082
0.0526, 99.3711
0.0466, 99.2138
0.0508, 99.1195
0.0452, 99.2453
0.0474, 99.3396
0.0551, 99.0252
0.0499, 99.2138
0.0426, 99.2138
0.0508, 99.3082
0.0673, 98.9937
0.0611, 99.1195
0.0635, 99.3082
0.0524, 99.1824
0.0483, 99.2767
0.0579, 99.2453
0.0481, 99.2767
0.0448, 99.1509
0.0428, 99.3711
0.0336, 99.4654
0.0463, 99.3082
0.0548, 99.1824
0.0561, 99.2767
0.0458, 99.3082
0.0427, 99.3711
0.0684, 99.1509
0.0694, 98.9937
0.0456, 99.3396
0.0652, 99.2138
0.0477, 99.3711
0.0626, 99.1824
0.0540, 99.1824
0.0426, 99.2767
0.0474, 99.2138
0.0577, 99.0881
0.0488, 99.2138
0.0548, 99.2138
0.0414, 99.4025
0.0529, 99.3396
0.0488, 99.4025
0.0535, 99.1824
0.0642, 99.1509
0.0442, 99.3082
0.0614, 99.1824
0.0458, 99.3396
0.0373, 99.2453
0.0481, 99.2138
0.0403, 99.2453
0.0448, 99.2767
0.0536, 99.2138
0.0452, 99.3082
0.0433, 99.2138
0.0674, 99.1509
0.0639, 99.2453
0.0650, 99.1824
0.0827, 99.2767
0.0573, 99.1195
0.0516, 99.4340
0.0484, 99.3082
TEST
3.4714, 47.1141, 4.8188, 18.5414, 0.5483, 84.4697, 0.9797, 74.2564, 4.3074, 33.8515, 4.3375, 31.5766
4.8661, 43.8311, 6.4605, 14.9429, 0.3267, 91.5043, 0.6913, 82.4634, 5.8532, 45.3974, 5.7856, 45.1064
5.7541, 49.1575, 7.0288, 23.9712, 0.2794, 93.2810, 0.7197, 82.1360, 6.6915, 41.0025, 6.8913, 38.1478
7.2674, 49.0413, 9.5067, 19.3837, 0.3539, 92.8842, 0.9253, 82.0005, 9.2092, 45.1843, 9.4224, 43.2425
10.1558, 36.8294, 12.7222, 18.2543, 0.4113, 92.9744, 1.0315, 82.4966, 10.8350, 40.1757, 11.2341, 40.1067
10.2149, 46.1553, 12.8793, 20.2769, 0.2635, 95.3734, 0.5593, 89.0617, 10.9561, 43.7952, 11.6533, 39.5804
10.8976, 40.0058, 13.3373, 22.6951, 0.4073, 93.7771, 0.9771, 84.4122, 12.4754, 44.7654, 12.9957, 42.6358
10.7903, 45.5259, 12.6380, 27.3847, 0.2316, 96.7172, 0.6633, 88.8980, 13.8003, 43.3286, 14.4653, 39.1784
10.6698, 53.5929, 13.0537, 26.8998, 0.2952, 95.3283, 0.9108, 84.0541, 13.2019, 44.6772, 13.3976, 44.1707
12.3841, 49.8838, 15.5921, 21.6359, 0.2390, 96.3925, 0.4509, 92.6191, 15.2416, 38.8969, 15.8684, 35.9184
13.3138, 52.7407, 15.8096, 30.6706, 0.2710, 96.3203, 0.9708, 85.9952, 15.2344, 41.8881, 16.0825, 37.0221
11.8263, 57.2923, 14.1938, 28.8522, 0.3426, 95.5988, 0.9198, 86.2305, 14.2537, 42.8361, 14.6658, 41.2397
12.8025, 42.9014, 15.3696, 22.4526, 0.3086, 95.5267, 1.0250, 84.3175, 13.5753, 49.6270, 13.9271, 47.1895
13.8400, 45.6711, 17.2640, 22.9184, 0.2851, 96.4737, 0.7660, 89.3379, 16.1546, 44.5780, 16.9189, 42.5700
10.9413, 61.7858, 13.4923, 28.3290, 0.3532, 95.2291, 1.1883, 83.4812, 15.2394, 47.7051, 15.2628, 48.3371
13.8032, 53.1571, 17.1378, 23.6139, 0.3492, 95.7522, 0.9987, 86.5170, 15.5605, 44.9381, 16.3246, 43.8126
13.5858, 51.6948, 16.1586, 29.5476, 0.3245, 96.0408, 0.7889, 89.0898, 15.5885, 42.3143, 15.9594, 41.6417
13.0684, 52.0724, 16.6536, 25.7322, 0.3804, 95.4365, 1.0977, 85.4070, 15.8230, 44.8609, 16.0758, 45.4353
14.0173, 53.5445, 17.5205, 26.7913, 0.3758, 95.7251, 1.0758, 86.5886, 18.5298, 45.0961, 19.0638, 44.8651
16.4124, 44.8576, 19.7235, 23.4480, 0.3497, 96.1039, 0.8640, 88.7548, 18.5562, 38.2428, 18.8551, 39.9240
0.0272