epochs: 100, batch_size: 32, lr: 5e-05, method: SAM, rho: 0.001
VALIDATION
0.1427, 95.4403
0.0920, 97.2642
0.0857, 97.3899
0.0757, 97.6101
0.0661, 98.1132
0.0586, 97.9874
0.0566, 98.3019
0.0679, 97.8616
0.0827, 97.7358
0.0616, 98.1447
0.0548, 98.2390
0.0674, 98.2390
0.0599, 98.3333
0.0815, 97.7044
0.0483, 98.8050
0.0686, 98.3333
0.0622, 98.6792
0.0672, 98.3962
0.0453, 98.7107
0.0614, 98.4906
0.0463, 98.7736
0.0641, 98.1447
0.0605, 98.4591
0.0881, 98.0503
0.0515, 98.6792
0.0550, 98.8365
0.0730, 98.2704
0.0930, 98.1447
0.0544, 98.6792
0.0558, 98.7736
0.0591, 98.8050
0.0514, 98.6478
0.0477, 98.6792
0.0534, 98.6792
0.0521, 98.7421
0.0642, 98.6164
0.0784, 98.0818
0.0624, 98.5535
0.0689, 98.7736
0.0476, 98.5220
0.0589, 98.7107
0.0573, 98.8365
0.0445, 98.8994
0.0751, 98.3962
0.0562, 98.6478
0.0593, 98.7107
0.0642, 98.6478
0.0519, 98.9937
0.0555, 98.8050
0.0845, 98.1447
0.0548, 98.5849
0.0528, 98.7736
0.0661, 98.7736
0.0628, 98.6478
0.0705, 98.4277
0.0709, 98.5849
0.0681, 98.5220
0.0523, 99.0252
0.0540, 98.9308
0.0506, 98.8679
0.0406, 98.9623
0.0540, 98.8050
0.0607, 98.6478
0.0753, 98.5220
0.0538, 98.5849
0.0546, 98.7421
0.0498, 98.8050
0.0564, 98.8679
0.0569, 98.6164
0.0689, 98.6478
0.0563, 98.7421
0.0575, 98.7107
0.0446, 98.9623
0.0494, 98.9308
0.0520, 98.7736
0.0548, 98.8365
0.0483, 98.9623
0.0465, 99.1509
0.0565, 98.9937
0.1054, 97.6730
0.0561, 98.7421
0.0526, 98.9623
0.0504, 99.0881
0.0608, 98.8994
0.0695, 98.6792
0.0502, 98.9937
0.0675, 98.7421
0.0671, 98.8365
0.0612, 98.8365
0.0448, 98.9623
0.0592, 98.9308
0.0547, 98.9623
0.0497, 99.1195
0.0450, 99.0252
0.0484, 99.2138
0.0651, 98.5849
0.0428, 99.0881
0.0582, 98.9937
0.0554, 98.7107
0.0506, 98.8994
TEST
5.1142, 37.8172, 6.1565, 17.3930, 0.9777, 77.8409, 1.3508, 71.1798, 6.8556, 25.7046, 6.7883, 25.1663
7.1523, 32.3262, 8.5168, 9.7556, 0.6312, 86.1291, 0.9722, 80.7217, 10.3593, 32.1280, 10.2499, 32.0006
8.4206, 34.7666, 10.2075, 12.3971, 0.5260, 89.7727, 1.0728, 80.4097, 11.9360, 28.0638, 11.7786, 28.6529
8.3183, 42.5915, 10.8516, 10.5532, 0.4538, 91.0714, 0.9397, 81.8393, 12.1082, 35.6741, 11.9674, 36.4374
9.5596, 34.9119, 12.4341, 11.4528, 0.4806, 91.0444, 0.9430, 83.7830, 12.6167, 31.7826, 12.4853, 31.1015
7.6658, 53.4960, 11.0222, 16.5890, 0.7319, 88.0231, 2.0240, 72.1542, 12.6895, 35.5639, 12.4165, 34.9024
10.2395, 32.3455, 12.2338, 12.1929, 0.4773, 92.1627, 0.9326, 83.5784, 14.3260, 33.9066, 14.3834, 31.7374
9.5782, 37.6235, 12.7021, 13.9795, 0.4159, 93.6147, 0.9145, 85.8316, 14.8131, 27.6779, 14.7721, 27.5565
9.2275, 43.5890, 12.5063, 10.9998, 0.4928, 92.0815, 1.0968, 82.2204, 14.2000, 31.0219, 14.1368, 31.8690
8.4947, 40.8290, 10.8251, 22.7206, 0.7914, 87.9690, 1.4325, 79.0133, 16.3094, 17.8040, 16.6594, 16.8263
8.9395, 47.2884, 12.1238, 16.5316, 0.7704, 88.6724, 1.8587, 74.6707, 14.8832, 35.0898, 14.7984, 35.5822
9.3996, 45.6711, 13.0089, 18.2543, 0.5215, 91.6486, 1.1391, 82.3713, 14.8936, 36.0600, 14.6060, 35.8600
10.8837, 37.1102, 14.0503, 16.8570, 0.5460, 92.0815, 1.2311, 81.8419, 16.1069, 33.6714, 16.3176, 33.2724
12.1037, 26.4575, 14.2990, 13.9093, 0.6945, 90.4582, 1.7385, 76.9111, 15.7130, 33.9176, 15.7653, 30.1294
11.5372, 39.4344, 15.9779, 11.0764, 0.6066, 91.7929, 1.3576, 81.7984, 16.4005, 39.9000, 16.3584, 40.5891
12.8790, 29.7017, 16.3746, 5.5701, 0.5523, 92.1356, 1.2365, 84.5272, 17.3497, 35.5345, 17.4214, 37.5119
10.3609, 53.8640, 14.2073, 17.3802, 0.8087, 89.4481, 2.0878, 75.2308, 14.1028, 44.5008, 13.9216, 47.3503
11.1439, 53.5251, 14.2897, 19.9834, 0.5547, 93.1457, 1.5686, 81.2869, 18.0679, 32.8924, 18.3043, 32.5488
13.8063, 42.1557, 17.2123, 16.0020, 0.4783, 93.9304, 1.0546, 85.9518, 20.3451, 30.7427, 20.2787, 31.1600
10.1609, 53.1958, 13.6867, 16.9272, 0.4627, 92.9654, 1.3170, 80.0005, 14.9936, 37.0558, 15.1057, 35.8600
0.0406