epochs: 100, batch_size: 32, lr: 5e-05, method: SAM, rho: 0.01
VALIDATION
0.1180, 96.4151
0.0710, 97.9560
0.0522, 98.3019
0.0562, 97.9245
0.0512, 98.1761
0.0325, 98.7107
0.0383, 98.7421
0.0264, 99.0881
0.0252, 99.1195
0.0272, 99.1195
0.0485, 98.4591
0.0348, 98.8679
0.0373, 98.7421
0.0327, 98.9937
0.0313, 99.0252
0.0289, 99.0566
0.0332, 99.0566
0.0344, 99.0566
0.0397, 98.8679
0.0390, 98.9308
0.0412, 99.1195
0.0371, 99.1824
0.0441, 98.7107
0.0325, 99.0566
0.0363, 98.9623
0.0293, 99.2767
0.0415, 99.0566
0.0345, 99.1195
0.0327, 99.1195
0.0234, 99.3082
0.0404, 98.9623
0.0299, 99.1824
0.0286, 99.2453
0.0483, 98.8050
0.0279, 99.2138
0.0487, 98.9623
0.0254, 99.2767
0.0336, 99.3396
0.0404, 98.9937
0.0239, 99.4340
0.0203, 99.4025
0.0314, 99.2767
0.0245, 99.2767
0.0277, 99.3082
0.0281, 99.3711
0.0219, 99.4340
0.0328, 99.3396
0.0251, 99.3396
0.0257, 99.4025
0.0281, 99.5597
0.0333, 99.2138
0.0273, 99.4969
0.0264, 99.4654
0.0447, 99.0881
0.0366, 99.0881
0.0319, 99.3082
0.0238, 99.4025
0.0303, 99.2138
0.0225, 99.4654
0.0321, 99.1824
0.0332, 99.1824
0.0269, 99.3711
0.0433, 99.0566
0.0241, 99.4969
0.0254, 99.3396
0.0256, 99.2138
0.0441, 98.9937
0.0329, 99.1509
0.0239, 99.4654
0.0232, 99.4025
0.0291, 99.3082
0.0332, 99.1824
0.0282, 99.2767
0.0329, 99.3396
0.0362, 99.2453
0.0218, 99.4025
0.0236, 99.3396
0.0333, 99.1824
0.0297, 99.3711
0.0274, 99.3711
0.0228, 99.3082
0.0251, 99.3711
0.0246, 99.5283
0.0263, 99.3711
0.0290, 99.3082
0.0430, 99.0252
0.0318, 99.2138
0.0372, 99.2767
0.0318, 99.2453
0.0240, 99.4654
0.0409, 99.1509
0.0312, 99.4969
0.0344, 99.2767
0.0398, 99.1509
0.0296, 99.2767
0.0359, 99.2138
0.0350, 99.3711
0.0380, 99.2138
0.0325, 99.3396
0.0369, 99.2138
TEST
4.5117, 42.8046, 6.0972, 15.3768, 0.8865, 77.6245, 1.4096, 66.8448, 5.9747, 34.4762, 5.9119, 33.2505
7.1997, 37.4782, 8.9879, 11.9569, 0.5224, 88.5011, 0.7892, 82.9033, 9.5762, 27.9903, 9.4295, 27.4907
6.6306, 48.1406, 8.4692, 13.5456, 0.5195, 89.2767, 1.2662, 76.3075, 8.6741, 36.8096, 8.3848, 38.7252
7.5566, 44.6930, 10.6746, 11.0572, 0.6420, 88.0501, 1.3519, 75.4661, 9.1129, 40.8040, 8.8647, 40.8450
7.5989, 48.4699, 10.6298, 14.0496, 0.6217, 89.7276, 1.3279, 78.5632, 11.7673, 38.3346, 11.4986, 38.3305
9.4985, 40.6643, 13.5751, 11.6698, 0.4819, 91.6847, 1.1633, 81.6526, 12.4221, 35.8652, 12.2708, 36.1012
10.5307, 39.0858, 13.9006, 13.2074, 0.3485, 94.0657, 0.6639, 87.1998, 14.4672, 24.9844, 14.3948, 22.8638
9.8583, 45.6130, 13.9793, 10.5978, 0.4038, 94.1739, 1.1787, 83.0746, 13.5505, 38.7976, 13.5899, 36.9856
11.2914, 32.9653, 15.2967, 6.9036, 0.3038, 95.5628, 0.7148, 89.5680, 16.2303, 28.5966, 16.5191, 26.9936
10.2669, 40.5384, 14.5258, 12.0462, 0.4363, 94.4354, 1.0633, 86.3431, 16.1777, 35.3691, 16.1030, 33.9522
9.9927, 31.3481, 12.9870, 12.0717, 0.6116, 90.3499, 1.1245, 83.1437, 13.6997, 37.3314, 13.6629, 35.7211
9.3418, 45.8842, 13.5605, 11.2997, 0.3194, 94.8142, 0.7391, 87.0796, 14.1517, 35.1927, 14.0124, 35.5310
10.2579, 46.7654, 14.8173, 11.7336, 0.4344, 93.7951, 0.9969, 85.6525, 15.8515, 35.8285, 15.7660, 34.7051
10.0127, 36.0256, 13.5574, 12.5120, 0.3036, 94.8954, 0.6849, 88.3225, 15.6626, 31.9443, 15.7365, 32.6292
11.3547, 34.2243, 14.5710, 11.4337, 0.2127, 96.4015, 0.4411, 92.1332, 17.6521, 30.5846, 17.9721, 29.0768
10.2924, 51.7625, 14.8350, 15.2938, 0.4730, 93.5516, 1.2439, 82.6782, 15.5266, 40.0250, 15.6475, 38.7179
11.5030, 43.5115, 15.6095, 15.4980, 0.5571, 92.2890, 1.2579, 83.0183, 14.6654, 33.4289, 14.6875, 33.3309
11.3567, 45.3225, 16.8358, 14.9876, 0.6576, 91.4773, 1.5498, 81.5555, 14.9958, 35.9387, 15.3132, 33.0093
10.0346, 50.2131, 14.5935, 21.4637, 0.4903, 92.9744, 1.3073, 81.5376, 12.2724, 41.9211, 12.2602, 39.4635
10.3886, 42.7465, 15.4076, 15.4597, 0.7288, 90.0072, 1.7458, 77.9494, 14.3631, 33.9507, 14.3707, 34.0838
0.0203