epochs: 100, batch_size: 32, lr: 0.0005, method: SAM, rho: 0.01
VALIDATION
0.1007, 96.7610
0.0624, 98.2075
0.0573, 98.2075
0.0581, 98.0818
0.0475, 98.5220
0.0491, 98.6792
0.0568, 98.2390
0.0379, 98.7736
0.0435, 98.6164
0.0371, 98.8050
0.0325, 99.0252
0.0400, 98.6792
0.0405, 98.8365
0.0307, 99.0252
0.0359, 98.8994
0.0474, 98.8050
0.0345, 98.8050
0.0335, 99.0252
0.0339, 99.0252
0.0411, 99.1195
0.0353, 99.1195
0.0546, 98.9937
0.0499, 98.8050
0.0334, 99.2453
0.0510, 98.8994
0.0367, 98.9623
0.0410, 98.8994
0.0345, 99.2767
0.0601, 98.8050
0.0467, 99.0881
0.0484, 98.8679
0.0481, 98.8050
0.0384, 99.0252
0.0423, 99.0566
0.0541, 99.1195
0.0352, 99.1509
0.0317, 99.3711
0.0945, 98.3333
0.0408, 99.0566
0.0473, 99.2138
0.0320, 99.2138
0.0477, 98.7736
0.0332, 99.2138
0.0422, 99.0881
0.0382, 99.4025
0.0595, 99.1195
0.0424, 99.3082
0.0528, 98.9308
0.0527, 98.9623
0.0504, 99.2453
0.0662, 98.7421
0.0425, 99.1195
0.0496, 99.2767
0.0499, 98.9937
0.0382, 99.3082
0.0386, 99.0881
0.0488, 99.2767
0.0647, 98.9308
0.0499, 99.1195
0.0412, 99.1824
0.0463, 99.2767
0.0658, 98.9308
0.0621, 99.0566
0.0523, 98.9623
0.0559, 99.1195
0.0525, 98.9623
0.0413, 99.2138
0.0421, 99.2453
0.0442, 99.1824
0.0733, 99.0881
0.0395, 99.2453
0.0372, 99.4025
0.0422, 99.2138
0.0457, 99.3711
0.0619, 99.1195
0.0469, 99.1824
0.0429, 99.2453
0.0411, 99.3711
0.0545, 99.1195
0.0382, 99.3082
0.0424, 99.2138
0.0510, 99.1195
0.0628, 99.1509
0.0609, 99.0881
0.0591, 99.2767
0.0591, 98.8679
0.0384, 99.2453
0.0386, 99.4025
0.0576, 99.2767
0.0420, 99.3082
0.0459, 99.3711
0.0503, 99.3082
0.0494, 99.1824
0.0640, 98.7421
0.0365, 99.2767
0.0625, 99.1509
0.0468, 99.0881
0.0522, 99.0881
0.0507, 99.2767
0.0444, 99.1824
TEST
6.7118, 28.9851, 7.6110, 13.7179, 0.3092, 91.4502, 0.8766, 75.4380, 6.9323, 27.7698, 6.9893, 25.7291
11.2294, 14.7395, 11.3215, 15.3640, 0.5089, 88.6634, 0.9121, 79.6783, 10.5677, 22.1034, 10.7945, 20.5687
10.3727, 27.0966, 10.7020, 24.4752, 0.3925, 91.8470, 0.8137, 82.8137, 10.6956, 25.5282, 10.7318, 22.9296
9.6347, 38.8534, 10.6221, 25.2217, 0.4625, 91.2879, 1.4067, 74.0518, 8.9477, 47.6904, 8.9452, 45.8081
13.3058, 27.1257, 13.7268, 24.8198, 0.5650, 92.0996, 1.2135, 82.7063, 14.0931, 32.3779, 14.1475, 30.1221
14.3147, 38.6016, 14.9245, 29.2924, 0.4484, 92.8030, 1.5594, 75.2794, 13.0979, 36.0195, 13.4107, 33.2651
14.6192, 37.4007, 15.5358, 28.0227, 0.6071, 92.5325, 1.4348, 81.4301, 16.5531, 31.2314, 18.2217, 22.9808
14.5358, 31.7548, 14.2954, 29.0500, 0.6219, 92.0364, 1.6312, 79.9442, 13.3074, 43.4682, 13.0397, 43.8711
14.2391, 44.7221, 15.9946, 33.0824, 0.4648, 95.1299, 1.5560, 82.5733, 18.9369, 39.4150, 19.2537, 35.4287
18.6471, 38.2142, 19.4275, 33.0696, 0.4649, 95.0036, 1.2710, 84.5170, 19.1906, 36.1114, 19.6837, 32.4172
11.0616, 54.4741, 12.5601, 38.2058, 0.3028, 95.8153, 1.1500, 81.1974, 13.9767, 46.3859, 14.1068, 43.6225
16.8044, 47.5015, 17.7158, 38.3398, 0.3016, 96.2031, 1.3223, 82.1130, 17.4845, 38.7756, 17.8542, 36.2839
17.2337, 38.1174, 19.3974, 23.7159, 0.2718, 96.2031, 0.7902, 88.9312, 17.8807, 36.3870, 18.4067, 33.0897
13.1939, 55.2295, 14.5105, 39.6606, 0.5052, 94.4535, 1.9614, 76.7193, 15.3598, 56.7266, 15.3076, 53.9727
14.3065, 47.3659, 17.2517, 26.5999, 0.3888, 95.6079, 1.0976, 86.4223, 19.3118, 42.7406, 19.9850, 38.2501
14.4950, 43.7536, 15.5319, 34.6519, 0.3512, 95.7071, 0.9057, 87.4095, 15.5006, 39.9258, 16.0992, 36.1085
16.2412, 52.6341, 18.7963, 37.3317, 0.4302, 95.8604, 1.5322, 83.1999, 17.8211, 45.3643, 17.6904, 44.5655
16.0588, 50.0968, 17.5976, 40.9430, 0.4242, 95.7792, 1.3516, 83.8035, 16.6238, 41.9285, 16.6699, 39.9021
19.6572, 46.9688, 21.9302, 34.2691, 0.2169, 97.1501, 0.6978, 88.7599, 22.0540, 32.8777, 22.6250, 29.5592
21.0315, 40.9549, 23.0538, 30.9832, 0.3750, 96.0768, 1.0017, 88.8034, 17.3509, 37.8532, 17.8697, 32.0737
0.0307