epochs: 100, batch_size: 32, lr: 5e-05, method: SAM, rho: 0.005
VALIDATION
0.1141, 96.3836
0.0664, 97.9874
0.0633, 98.0189
0.0512, 98.3962
0.0494, 98.4591
0.0502, 98.4906
0.0469, 98.7107
0.0661, 98.3333
0.0443, 98.7421
0.0505, 98.6478
0.0481, 98.8365
0.0449, 98.5849
0.0514, 98.4906
0.0419, 98.8994
0.0480, 98.8365
0.0462, 98.8365
0.0314, 99.2767
0.0400, 98.9623
0.0448, 99.1195
0.0456, 99.0252
0.0365, 99.1195
0.0428, 99.1509
0.0424, 99.0252
0.0380, 99.2767
0.0561, 98.6478
0.0412, 99.1824
0.0431, 99.0566
0.0416, 99.0566
0.0361, 99.2138
0.0373, 99.0881
0.0308, 99.1824
0.0442, 99.0566
0.0441, 99.1509
0.0470, 99.1509
0.0386, 99.2138
0.0475, 99.0881
0.0410, 99.0566
0.0418, 99.0566
0.0354, 99.3396
0.0305, 99.3396
0.0403, 99.0566
0.0367, 99.2453
0.0449, 99.0252
0.0364, 98.9937
0.0293, 99.1509
0.0294, 99.2767
0.0528, 99.1195
0.0346, 99.2138
0.0421, 99.0252
0.0381, 99.1824
0.0397, 99.1509
0.0426, 99.2138
0.0423, 99.2453
0.0443, 99.2138
0.0413, 99.2453
0.0469, 99.2138
0.0470, 98.9937
0.0363, 99.2138
0.0447, 99.1824
0.0372, 99.4340
0.0391, 99.2453
0.0503, 99.1509
0.0444, 99.2453
0.0371, 99.3396
0.0402, 99.3082
0.0405, 99.2138
0.0398, 99.2138
0.0375, 99.3396
0.0325, 99.2453
0.0550, 98.7736
0.0253, 99.5283
0.0300, 99.4654
0.0347, 99.3711
0.0581, 98.8050
0.0379, 99.2767
0.0409, 99.2138
0.0371, 99.2453
0.0415, 99.2453
0.0323, 99.4025
0.0363, 99.3711
0.0448, 99.1824
0.0323, 99.2138
0.0307, 99.2767
0.0370, 99.4654
0.0470, 98.9623
0.0326, 99.2767
0.0341, 99.2138
0.0371, 99.0252
0.0299, 99.3396
0.0320, 99.4025
0.0392, 99.0881
0.0435, 99.1824
0.0647, 99.2453
0.0800, 98.4906
0.0432, 99.1824
0.0308, 99.4969
0.0360, 99.4025
0.0307, 99.4025
0.0381, 99.3082
0.0379, 99.3711
TEST
5.9987, 27.2225, 7.0751, 10.1831, 0.5610, 85.1100, 0.8688, 78.1438, 7.0309, 27.1267, 6.9644, 26.9352
6.6455, 44.6058, 8.6025, 15.4725, 0.5613, 88.2846, 1.2355, 76.5300, 9.4466, 30.2025, 9.6269, 27.8196
6.4208, 45.5355, 8.7618, 14.5026, 0.6849, 87.9149, 1.5743, 74.5889, 9.8287, 37.3094, 9.8413, 36.4155
9.6760, 26.3316, 11.2464, 10.4702, 0.4931, 91.0895, 0.9400, 83.1974, 12.8806, 28.6297, 12.9808, 28.3897
10.2393, 24.1526, 11.3010, 10.5532, 0.2684, 94.7060, 0.6673, 86.4684, 12.3299, 30.2870, 12.3191, 28.3824
7.1462, 51.2977, 9.7520, 18.5606, 0.5078, 90.4221, 1.3107, 76.5223, 11.9876, 35.2956, 12.0446, 32.0956
8.8233, 40.0349, 12.0152, 13.7115, 0.4276, 93.4704, 1.0057, 84.3022, 13.9242, 34.4909, 14.0998, 32.9216
7.7976, 51.4817, 10.7209, 19.0583, 0.4789, 92.1086, 1.1870, 80.8419, 12.0297, 35.5970, 12.2205, 32.4245
8.8247, 44.3928, 11.6585, 14.2283, 0.3877, 93.5245, 0.9489, 84.2741, 13.2695, 32.9107, 13.4560, 29.8735
8.5613, 52.5857, 12.8299, 18.6946, 0.5284, 92.4874, 1.4977, 78.6348, 13.0426, 37.5556, 13.2450, 35.0632
9.1450, 51.4139, 12.4095, 18.0884, 0.3799, 94.3272, 0.8460, 85.9799, 14.5742, 33.8919, 14.9017, 31.8983
9.8346, 48.8573, 13.5897, 16.4231, 0.4186, 93.7320, 1.1615, 82.6859, 13.8908, 39.4334, 14.0527, 37.8993
9.9270, 54.0771, 13.2183, 23.4926, 0.4970, 93.4614, 1.6206, 77.7116, 14.9400, 34.2336, 15.1702, 30.9846
12.1050, 45.4193, 15.7301, 19.1540, 0.3868, 95.2471, 1.0245, 86.2254, 17.4303, 32.2346, 17.7313, 28.4336
12.0698, 39.5797, 14.4567, 17.6737, 0.3904, 94.0566, 1.0149, 83.5835, 14.0460, 34.0646, 14.1198, 32.6292
11.4264, 38.7081, 15.4297, 16.9591, 0.5327, 92.6407, 1.0333, 84.9390, 15.1238, 34.4578, 15.3542, 33.1043
11.0038, 39.3376, 14.9221, 15.1981, 0.7463, 90.0703, 1.8191, 77.1515, 13.4788, 37.0999, 13.6693, 34.4931
11.2794, 42.2138, 15.1807, 16.9017, 0.4501, 93.7139, 1.2136, 82.8623, 16.0827, 33.5759, 16.2899, 30.5753
10.2631, 43.8698, 14.4879, 19.8175, 0.6013, 93.0556, 1.3150, 83.2153, 15.2362, 33.7890, 15.5851, 32.0006
12.1145, 37.1974, 15.7122, 16.4806, 0.3913, 94.3092, 1.0523, 84.3636, 15.3153, 37.5115, 15.4815, 37.0075
0.0253