epochs: 100, batch_size: 32, lr: 0.0005, method: SAM, rho: 0.001
VALIDATION
0.1084, 96.5723
0.0658, 97.9874
0.0458, 98.8050
0.0584, 98.0189
0.0439, 98.5220
0.0605, 98.3333
0.0470, 98.5535
0.0427, 98.7736
0.0424, 98.7421
0.0427, 98.6792
0.0355, 98.8994
0.0460, 98.5535
0.0300, 98.8679
0.0324, 98.8679
0.0433, 98.8365
0.0421, 98.9308
0.0249, 99.1824
0.0445, 98.8365
0.0398, 99.0252
0.0317, 98.9623
0.0439, 98.8365
0.0391, 98.9623
0.0403, 99.0252
0.0574, 98.6792
0.0404, 99.0881
0.0399, 98.8994
0.0327, 99.0566
0.0372, 99.0252
0.0348, 98.9308
0.0422, 98.8679
0.0446, 99.1195
0.0388, 99.1509
0.0360, 99.1509
0.0441, 98.9623
0.0319, 99.2138
0.0532, 98.8050
0.0413, 99.1509
0.0534, 98.8365
0.0525, 98.8050
0.0468, 98.9623
0.0486, 99.0881
0.0648, 98.6792
0.0469, 99.1824
0.0497, 98.9937
0.0506, 98.9623
0.0507, 99.0566
0.0514, 99.0566
0.0511, 98.9308
0.0415, 98.9623
0.0488, 99.1824
0.0542, 99.1195
0.0421, 99.1509
0.0470, 98.9937
0.0454, 99.0252
0.0470, 98.9308
0.0435, 99.0881
0.0520, 98.9623
0.0432, 98.8994
0.0433, 99.1824
0.0523, 99.0566
0.0419, 99.0881
0.0442, 99.1195
0.0598, 98.9308
0.0555, 99.0881
0.0374, 99.3082
0.0602, 99.0881
0.0681, 98.8050
0.0538, 99.1824
0.0471, 99.0566
0.0727, 98.6792
0.0415, 99.1824
0.0416, 99.2138
0.0361, 99.2767
0.0408, 99.1509
0.0527, 98.9937
0.0441, 99.4025
0.0395, 99.3082
0.0629, 98.9623
0.0624, 99.0252
0.0682, 98.7421
0.0433, 99.1509
0.0412, 99.0252
0.0475, 99.0881
0.0496, 99.0566
0.0410, 99.1195
0.0530, 99.1195
0.0604, 99.2453
0.0673, 98.8050
0.0430, 99.2138
0.0509, 99.1509
0.0609, 99.0252
0.0759, 98.7421
0.0639, 99.0881
0.0580, 99.2138
0.0471, 99.1509
0.0517, 98.9623
0.0452, 99.1824
0.0543, 99.1824
0.0540, 99.1195
0.0631, 99.0566
TEST
6.0353, 25.3244, 6.1670, 26.1214, 0.8052, 79.7258, 1.4569, 67.5839, 6.3463, 31.5658, 6.4651, 27.9585
7.2978, 26.5156, 7.8722, 19.5304, 0.6196, 85.9758, 1.6330, 65.8218, 5.5441, 48.3004, 5.6657, 45.0113
9.8080, 35.3961, 10.6614, 27.7420, 0.7699, 88.1313, 1.5813, 75.3127, 7.0504, 52.5558, 7.5210, 44.9821
9.4280, 30.6314, 10.5815, 25.7704, 0.6802, 88.8348, 1.5188, 74.9060, 10.1597, 42.0424, 10.3468, 36.2620
10.4569, 44.1216, 10.7572, 39.1629, 0.4988, 92.1627, 1.5992, 74.9495, 12.9599, 37.8385, 13.8137, 30.0709
16.5002, 28.4428, 17.0393, 23.8563, 0.3756, 94.1198, 1.0463, 82.0439, 13.9973, 37.2873, 14.7421, 32.8119
8.3710, 37.8462, 9.0732, 30.6068, 0.6562, 92.1447, 1.8126, 77.3714, 11.1747, 40.7269, 12.3972, 31.2770
12.9007, 45.3612, 13.3005, 36.9936, 0.5549, 92.5234, 1.6325, 78.2691, 15.7138, 40.4108, 16.8686, 31.8690
13.9222, 42.1267, 14.3793, 37.6316, 0.5569, 93.4253, 1.4929, 82.5375, 12.7676, 51.5709, 13.8630, 40.9985
17.6850, 39.8412, 18.4542, 34.0905, 0.5849, 93.9574, 1.9445, 78.6502, 14.6692, 45.0998, 15.9123, 37.3218
19.9731, 45.6808, 20.7262, 33.4397, 0.5982, 93.8312, 1.7380, 80.8828, 15.7234, 53.8566, 16.6603, 44.5289
19.0859, 35.0087, 19.4238, 33.3121, 0.3982, 95.4726, 1.4488, 83.0925, 15.8707, 44.4163, 16.7360, 35.6772
16.5821, 38.3885, 17.2186, 36.8596, 0.6769, 93.5245, 2.2930, 77.1208, 13.9266, 52.8681, 14.8723, 45.4133
12.7593, 57.1567, 15.3508, 38.0272, 0.3997, 95.4545, 1.6255, 79.4762, 17.0635, 48.5062, 18.1512, 41.6855
21.2730, 32.5295, 19.4337, 37.0956, 0.3950, 95.5988, 1.1365, 86.4172, 20.5410, 47.2862, 20.7025, 42.1095
20.6715, 52.3823, 23.6982, 38.5823, 0.8710, 93.4524, 2.1021, 83.9825, 23.6829, 37.6291, 25.5489, 29.7347
19.1934, 46.1941, 21.1303, 35.8196, 0.5228, 94.8413, 1.9781, 78.5274, 18.1819, 41.7301, 19.2585, 35.0705
22.4571, 38.5435, 24.3335, 31.2640, 0.7487, 93.6418, 2.8346, 76.2308, 17.5568, 47.6427, 19.0417, 39.1199
16.9422, 41.2841, 19.2583, 32.0041, 0.7434, 93.2720, 1.9851, 81.7780, 15.1160, 45.0593, 16.1202, 37.7677
19.7401, 46.0779, 22.0446, 33.6056, 0.7002, 94.5617, 2.0524, 79.1054, 20.6525, 46.5072, 21.7873, 40.4503
0.0249