epochs: 100, batch_size: 32, lr: 1e-05, method: SAM, rho: 0.005
VALIDATION
0.5744, 76.8239
0.2755, 90.3145
0.1813, 93.4591
0.1561, 94.8113
0.1354, 95.5660
0.1259, 96.0377
0.1185, 96.0692
0.1204, 96.1006
0.1286, 96.3836
0.1134, 96.4151
0.1296, 96.4151
0.1163, 96.4780
0.1029, 97.1384
0.1066, 96.9182
0.1068, 96.9497
0.1247, 96.5409
0.1485, 96.4780
0.1125, 97.2013
0.1235, 96.7925
0.1099, 97.3270
0.1215, 96.8553
0.1413, 96.7296
0.1098, 97.4214
0.1074, 97.2327
0.1198, 97.2956
0.1039, 97.0755
0.1117, 97.2956
0.1082, 97.3270
0.1185, 97.3585
0.1404, 96.6667
0.1184, 97.2013
0.1067, 97.3585
0.1495, 96.7610
0.1132, 97.2642
0.1139, 97.2013
0.1044, 97.5157
0.1197, 97.5157
0.1071, 97.6730
0.1089, 97.6101
0.1326, 97.1069
0.1035, 97.6101
0.0993, 97.3270
0.1339, 97.2642
0.1099, 97.4528
0.1078, 97.6415
0.1113, 97.4843
0.1106, 97.6415
0.1178, 97.5472
0.1086, 97.5472
0.1112, 97.8302
0.1223, 97.4843
0.1048, 97.4843
0.1324, 97.6101
0.1102, 97.4843
0.1123, 97.7044
0.1098, 97.7358
0.1255, 97.6101
0.1017, 97.6101
0.1013, 97.8616
0.1010, 97.8302
0.1160, 97.8931
0.0949, 97.8931
0.1074, 97.7044
0.1148, 97.7673
0.0990, 97.7673
0.1139, 97.5157
0.1063, 97.7673
0.1147, 97.6730
0.1181, 97.6415
0.1460, 97.4843
0.0998, 97.8616
0.0911, 97.8931
0.1158, 97.7673
0.1104, 97.6101
0.1168, 97.8616
0.1051, 97.6730
0.1061, 97.7358
0.1148, 97.7044
0.1073, 97.7044
0.1146, 97.7044
0.1144, 97.7987
0.1187, 97.6415
0.1154, 97.7987
0.1184, 98.1447
0.1080, 98.0189
0.1490, 97.2013
0.0961, 98.1447
0.0967, 97.7673
0.1027, 97.9560
0.1066, 97.7987
0.1115, 97.6415
0.1106, 98.0189
0.0983, 97.8931
0.0971, 98.1761
0.1293, 97.1698
0.1216, 97.7358
0.0989, 97.8616
0.0962, 97.8616
0.1067, 97.8302
0.1024, 98.0189
TEST
3.9834, 26.8545, 4.1191, 13.1181, 0.8036, 73.5570, 0.9240, 68.7476, 4.2373, 28.5783, 4.2033, 28.6090
5.3121, 27.6390, 5.8625, 12.8501, 1.0323, 74.3146, 1.1942, 70.1644, 6.3786, 30.8419, 6.3274, 31.3427
5.7263, 35.5123, 6.3307, 15.7787, 0.9137, 77.8048, 1.2258, 70.8217, 7.3763, 29.9452, 7.2821, 29.3546
6.3061, 31.6095, 7.2560, 11.7718, 0.7580, 81.8723, 0.9975, 76.0057, 8.7413, 29.5190, 8.7048, 29.6323
6.4289, 34.9312, 7.7725, 10.2661, 0.8578, 81.9444, 1.1635, 75.7244, 9.0744, 32.7638, 9.0138, 32.9947
7.6888, 30.7283, 9.0528, 6.7568, 0.7113, 84.7312, 1.0473, 78.1463, 9.5330, 35.0458, 9.4487, 35.8892
7.2860, 37.0327, 8.7884, 9.5961, 0.7561, 85.1100, 1.1348, 77.6374, 9.8479, 35.3434, 9.7715, 34.9828
7.2422, 35.6091, 9.1587, 7.2481, 0.8290, 84.1901, 1.2182, 76.2768, 9.7978, 41.2156, 9.6630, 41.8464
7.8065, 38.0786, 9.8807, 9.3154, 0.6404, 88.1674, 1.1093, 79.4225, 11.0468, 34.7003, 11.0252, 34.5369
7.7708, 39.2892, 10.1820, 9.8067, 0.6039, 88.6724, 1.0319, 80.7933, 12.0186, 30.0518, 11.9670, 29.8735
7.2876, 43.2985, 9.9150, 11.0764, 0.8616, 84.9747, 1.5389, 74.3280, 10.8078, 39.6612, 10.7400, 39.0688
7.5577, 37.4298, 10.0427, 9.2452, 0.6026, 89.1685, 1.1202, 79.8215, 11.1742, 36.6516, 11.1677, 35.9696
7.4796, 41.6134, 10.0134, 11.7272, 0.6586, 88.8618, 1.2889, 78.2793, 10.9829, 36.2474, 11.0070, 35.9184
7.8153, 43.2307, 10.0702, 12.3716, 0.7895, 86.8326, 1.7003, 73.4201, 11.1143, 39.7420, 11.0737, 39.8436
7.8944, 45.2160, 10.5155, 10.9296, 0.7587, 87.4910, 1.3620, 77.4098, 11.4576, 40.4954, 11.4303, 39.9240
8.0656, 42.4656, 11.2329, 10.5468, 0.6037, 90.3048, 1.1310, 80.9672, 12.5212, 38.5147, 12.5877, 37.6581
7.7568, 43.5018, 10.9880, 10.1321, 0.6513, 89.7637, 1.2930, 79.4430, 12.1478, 39.8890, 12.1553, 39.6608
8.4721, 44.6252, 11.7674, 9.7365, 0.4659, 91.9913, 0.9469, 83.4480, 12.9626, 35.8762, 13.0280, 34.9463
7.7489, 42.2429, 11.0007, 10.7765, 0.8979, 85.7864, 1.6158, 74.1516, 11.8441, 42.4797, 11.7987, 42.6650
8.5540, 43.5406, 11.9103, 8.9517, 0.3987, 92.9473, 0.8133, 84.6960, 13.4176, 36.1629, 13.4185, 35.8015
0.0911