epochs: 100, batch_size: 32, lr: 1e-05, method: SAM, rho: 0.05
VALIDATION
0.9753, 53.8365
0.8398, 62.2327
0.4592, 82.3585
0.1996, 94.3396
0.1397, 96.4780
0.1173, 97.0755
0.0980, 97.4528
0.0861, 97.7358
0.0701, 98.0189
0.0690, 97.8931
0.0671, 98.0503
0.0564, 98.4591
0.0531, 98.3333
0.0501, 98.5849
0.0502, 98.3019
0.0466, 98.3333
0.0424, 98.7107
0.0395, 98.6164
0.0448, 98.5220
0.0441, 98.6792
0.0377, 98.7736
0.0409, 98.6164
0.0390, 98.6164
0.0406, 98.8050
0.0398, 98.6792
0.0397, 98.8365
0.0388, 98.8994
0.0414, 98.7107
0.0378, 98.8679
0.0343, 98.7736
0.0408, 98.8365
0.0420, 98.8994
0.0402, 98.7421
0.0394, 98.8050
0.0439, 98.6164
0.0395, 98.8994
0.0403, 98.8050
0.0372, 98.7736
0.0424, 98.9937
0.0447, 98.8994
0.0425, 98.8679
0.0399, 99.0566
0.0342, 98.9623
0.0433, 98.9937
0.0494, 98.8994
0.0421, 98.9623
0.0551, 98.8994
0.0488, 98.8679
0.0446, 98.9623
0.0379, 99.1509
0.0472, 99.0881
0.0434, 98.9308
0.0521, 98.8994
0.0487, 98.8365
0.0449, 98.9623
0.0452, 99.0252
0.0451, 98.9623
0.0509, 98.9937
0.0565, 98.9308
0.0497, 98.8994
0.0492, 98.7736
0.0531, 98.8994
0.0534, 98.8679
0.0530, 98.8679
0.0445, 98.9623
0.0548, 98.7107
0.0548, 98.7736
0.0473, 99.0252
0.0465, 98.9308
0.0522, 98.8050
0.0524, 98.8050
0.0446, 98.8994
0.0494, 98.8994
0.0517, 98.8994
0.0517, 98.8679
0.0400, 99.0252
0.0500, 98.9623
0.0512, 98.9937
0.0540, 98.8365
0.0528, 98.8994
0.0465, 98.9623
0.0559, 98.7736
0.0499, 98.9308
0.0543, 98.8365
0.0513, 98.8994
0.0528, 98.8050
0.0534, 98.9623
0.0499, 98.9623
0.0521, 98.8679
0.0544, 99.0566
0.0531, 98.9623
0.0514, 98.8994
0.0634, 98.9623
0.0563, 98.9308
0.0510, 98.8994
0.0551, 98.8365
0.0604, 98.8994
0.0544, 98.8994
0.0646, 98.6792
0.0459, 98.9937
TEST
2.8343, 30.7089, 3.1362, 9.9853, 0.6681, 75.0361, 0.8209, 68.7783, 2.8021, 33.2304, 2.7613, 34.2957
3.4576, 32.6264, 4.2299, 9.0984, 0.4238, 85.9578, 0.5623, 81.5503, 3.8108, 30.6912, 3.7225, 30.6849
4.0077, 37.5169, 4.8953, 10.9105, 0.3907, 87.9780, 0.6012, 81.5657, 4.6247, 35.2699, 4.5158, 34.7562
4.6477, 32.5489, 5.8273, 9.5961, 0.3221, 90.4672, 0.5333, 83.8137, 5.3062, 34.2300, 5.1767, 33.9961
4.6495, 41.3519, 6.0237, 14.2538, 0.3582, 90.0974, 0.6739, 81.8266, 6.0747, 38.2428, 5.9764, 37.3218
4.8303, 42.3978, 6.3802, 14.4325, 0.3369, 91.6306, 0.6380, 84.0439, 6.4391, 36.5524, 6.2222, 37.1099
5.3763, 45.7776, 7.2838, 12.1993, 0.3570, 91.6306, 0.7495, 82.8521, 7.2665, 41.3736, 7.0712, 42.1022
5.4603, 41.4681, 7.5601, 12.6396, 0.3052, 93.4163, 0.7177, 84.1385, 7.7977, 38.7131, 7.6542, 37.8116
6.4058, 40.0252, 8.5253, 9.1814, 0.2056, 95.6890, 0.4338, 89.6422, 8.8370, 37.5703, 8.6208, 37.1391
6.2397, 44.4703, 8.4403, 15.6384, 0.3715, 92.7399, 0.8129, 83.7600, 8.5057, 42.1379, 8.2922, 41.3639
5.9670, 44.6833, 8.2310, 14.0815, 0.3156, 93.7771, 0.7090, 85.9467, 8.6531, 41.7227, 8.3707, 41.8683
6.5960, 47.9954, 9.0620, 13.2457, 0.3480, 93.8041, 0.8055, 85.1308, 9.3008, 44.4640, 9.0949, 43.7395
6.4278, 42.3300, 8.7768, 14.9939, 0.2952, 94.6429, 0.7162, 86.0643, 9.2495, 42.6965, 9.0692, 42.9355
6.7530, 48.5183, 9.2529, 15.0960, 0.2592, 95.4095, 0.6602, 87.5016, 9.7284, 42.4393, 9.5317, 42.0364
7.1024, 45.7389, 9.7420, 14.0114, 0.3372, 94.1017, 0.7781, 85.9876, 10.0809, 43.7364, 9.8724, 43.6079
7.9016, 46.5621, 10.7473, 11.1019, 0.2109, 96.2933, 0.4830, 90.1307, 10.8836, 38.9924, 10.6630, 39.9386
7.2454, 43.8117, 9.7978, 15.2109, 0.2946, 95.1659, 0.6666, 88.0489, 10.0315, 42.6928, 9.8918, 42.4969
7.3869, 47.4724, 10.2020, 16.0276, 0.2700, 95.5988, 0.6194, 88.9849, 10.9667, 41.6051, 10.8041, 40.5526
7.6343, 40.6450, 10.1747, 15.8489, 0.2861, 95.4816, 0.6796, 88.1435, 10.8711, 44.5596, 10.7075, 43.9003
7.8949, 47.0172, 10.6805, 13.4307, 0.2566, 95.8784, 0.6085, 89.0003, 11.1599, 42.5017, 11.1368, 42.3434
0.0342