epochs: 100, batch_size: 32, lr: 1e-05, method: SAM, rho: 0.1
VALIDATION
0.9820, 54.2453
0.9820, 54.1509
0.9675, 54.1509
0.7080, 70.9748
0.4137, 85.1572
0.2162, 94.4654
0.1458, 96.8239
0.1179, 97.0126
0.1059, 97.4528
0.0923, 97.7987
0.0784, 97.6415
0.0750, 97.9874
0.0637, 98.2390
0.0630, 98.3962
0.0596, 98.3962
0.0608, 98.2390
0.0522, 98.3962
0.0497, 98.6478
0.0501, 98.5220
0.0430, 98.6792
0.0424, 98.6792
0.0454, 98.6792
0.0423, 98.7107
0.0413, 98.6792
0.0378, 98.7107
0.0394, 98.7107
0.0353, 98.7421
0.0349, 98.6478
0.0380, 98.6792
0.0347, 98.7421
0.0342, 98.8365
0.0348, 98.7421
0.0363, 98.8050
0.0335, 98.7421
0.0345, 98.8050
0.0326, 98.9623
0.0310, 98.8365
0.0324, 98.8365
0.0304, 98.9308
0.0342, 98.7736
0.0334, 98.7107
0.0321, 98.8994
0.0352, 98.8365
0.0366, 98.7421
0.0358, 98.8679
0.0338, 98.8050
0.0431, 98.7107
0.0332, 98.8679
0.0325, 98.7421
0.0368, 98.7421
0.0378, 98.8994
0.0358, 98.9623
0.0341, 98.9308
0.0381, 98.8050
0.0339, 98.9937
0.0353, 98.8050
0.0364, 98.8050
0.0320, 98.8679
0.0360, 98.9623
0.0329, 98.9308
0.0372, 98.8365
0.0442, 98.9623
0.0391, 98.7421
0.0364, 98.8679
0.0376, 98.8679
0.0373, 98.8679
0.0436, 98.8365
0.0402, 98.9623
0.0426, 98.9623
0.0372, 98.8994
0.0432, 98.8365
0.0419, 98.8679
0.0376, 98.8994
0.0420, 98.8679
0.0435, 98.9308
0.0337, 99.0252
0.0337, 98.8994
0.0396, 98.9623
0.0391, 98.9623
0.0438, 98.8994
0.0412, 98.8679
0.0344, 98.9937
0.0402, 99.0252
0.0362, 98.9937
0.0368, 98.9623
0.0402, 98.8679
0.0407, 98.8365
0.0443, 98.8050
0.0482, 98.7736
0.0430, 98.8365
0.0418, 99.0566
0.0389, 98.9308
0.0442, 98.8679
0.0454, 98.9308
0.0419, 98.8994
0.0473, 98.8679
0.0464, 98.9623
0.0463, 98.9937
0.0533, 98.9937
0.0441, 98.9937
TEST
2.2556, 15.9694, 2.2708, 15.4406, 0.6035, 78.2918, 0.7547, 68.6274, 2.1668, 21.1737, 2.1646, 23.9018
2.8775, 32.5489, 3.6045, 8.1350, 0.4465, 84.9657, 0.6736, 75.7142, 2.9903, 35.1670, 2.9439, 35.4579
3.1062, 37.7106, 4.2159, 8.5434, 0.3225, 89.7457, 0.5907, 80.1872, 3.5381, 36.3392, 3.4893, 35.4652
3.8334, 35.0959, 5.1576, 8.8815, 0.2600, 91.8741, 0.5165, 83.5375, 4.1552, 35.9314, 4.1266, 34.0691
4.2532, 35.6091, 5.6990, 8.7858, 0.2533, 92.1447, 0.5734, 82.5120, 4.6587, 37.4417, 4.5839, 36.3862
4.7694, 41.3326, 6.4293, 12.4801, 0.2245, 93.7771, 0.5343, 84.9032, 5.6472, 35.9865, 5.5679, 34.4492
4.7818, 36.7906, 6.4431, 12.2759, 0.2340, 93.8222, 0.6048, 84.4914, 5.8285, 38.9777, 5.7577, 37.5996
5.1212, 34.4373, 6.6438, 13.7434, 0.2540, 93.6869, 0.6752, 83.3252, 6.1041, 38.5184, 6.0297, 36.2620
5.5273, 36.6550, 7.0543, 14.1517, 0.2151, 94.7150, 0.6249, 85.1743, 6.5868, 37.8018, 6.4718, 36.1231
5.8614, 37.3911, 7.3716, 15.3066, 0.2367, 94.6880, 0.7519, 83.3713, 7.2931, 38.4044, 7.0941, 38.1405
6.1414, 38.6597, 8.0540, 13.9220, 0.2320, 95.3644, 0.6934, 85.8111, 8.0183, 39.6318, 7.8294, 39.7120
6.2139, 38.1271, 7.8610, 17.0995, 0.2025, 95.6710, 0.6420, 86.3891, 8.1303, 37.4343, 7.9534, 36.5763
6.7069, 41.0130, 8.5442, 16.2317, 0.2380, 95.1840, 0.7303, 85.4837, 8.5824, 40.6313, 8.3146, 39.4489
6.5743, 35.9384, 8.3973, 16.2764, 0.2470, 95.2110, 0.7820, 84.5631, 8.9186, 38.0884, 8.7690, 35.6918
7.3892, 34.3696, 9.0661, 14.8217, 0.2420, 95.6890, 0.7743, 85.9927, 9.6310, 37.3314, 9.3985, 35.3191
7.8491, 31.1641, 9.4149, 16.4870, 0.2425, 95.7251, 0.8224, 85.4249, 9.8806, 37.8532, 9.7018, 36.9271
8.2310, 32.2293, 9.8875, 14.0433, 0.2444, 95.9325, 0.8153, 85.7753, 10.4478, 33.3995, 10.2283, 31.3281
8.1868, 34.9990, 10.1291, 15.7723, 0.2299, 96.2031, 0.8073, 85.9492, 10.4787, 38.5808, 10.2855, 36.5690
8.4974, 27.9682, 10.1416, 16.0658, 0.2328, 96.0137, 0.8713, 84.9569, 10.9283, 32.3779, 10.6951, 29.2084
8.3743, 37.0812, 10.6376, 16.3657, 0.2041, 96.7172, 0.6804, 88.2279, 10.8619, 41.3552, 10.6935, 40.9034
0.0304