epochs: 100, batch_size: 32, lr: 0.0001, method: SAM, rho: 0.05
VALIDATION
0.1150, 97.2013
0.0668, 98.4906
0.0486, 98.4906
0.0419, 98.7107
0.0380, 98.8994
0.0343, 98.9623
0.0276, 99.1824
0.0291, 99.0566
0.0263, 99.2767
0.0301, 99.1824
0.0211, 99.3396
0.0261, 99.1195
0.0230, 99.2138
0.0219, 99.1824
0.0286, 99.0881
0.0275, 99.3082
0.0360, 99.0881
0.0223, 99.2138
0.0243, 99.3082
0.0314, 98.9623
0.0270, 99.2138
0.0264, 99.2138
0.0293, 99.1195
0.0262, 99.2138
0.0426, 98.8365
0.0410, 99.1509
0.0297, 99.3082
0.0296, 99.3396
0.0358, 99.2767
0.0314, 99.2453
0.0299, 99.2138
0.0290, 99.1509
0.0233, 99.3711
0.0359, 99.2453
0.0251, 99.1824
0.0337, 99.1824
0.0289, 99.3396
0.0286, 99.3711
0.0251, 99.3082
0.0365, 99.1195
0.0381, 99.1509
0.0311, 99.1509
0.0294, 99.3711
0.0399, 99.2138
0.0673, 98.8679
0.0340, 99.1824
0.0307, 99.4025
0.0487, 99.0881
0.0338, 99.2453
0.0350, 99.2767
0.0358, 99.4654
0.0328, 99.2767
0.0390, 99.2453
0.0455, 99.2767
0.0275, 99.2767
0.0348, 99.3711
0.0282, 99.3711
0.0455, 99.0252
0.0415, 99.2453
0.0372, 99.2138
0.0301, 99.3082
0.0273, 99.2138
0.0413, 99.1824
0.0334, 99.4025
0.0302, 99.1509
0.0333, 99.2453
0.0307, 99.2453
0.0338, 99.2453
0.0501, 98.8050
0.0386, 99.3396
0.0448, 99.1824
0.0541, 99.0252
0.0311, 99.2138
0.0432, 99.2453
0.0402, 99.1824
0.0412, 99.1509
0.0402, 99.2767
0.0657, 98.8994
0.0576, 99.2767
0.0334, 99.3396
0.0459, 99.2138
0.0329, 99.0881
0.0328, 99.1824
0.0332, 99.3711
0.0304, 99.4340
0.0397, 99.2767
0.0473, 99.2767
0.0349, 99.3396
0.0412, 99.3082
0.0470, 99.1824
0.0388, 99.2453
0.0384, 99.1824
0.0378, 99.3396
0.0374, 99.3711
0.0395, 99.3396
0.0424, 99.1509
0.0316, 99.3396
0.0354, 99.3396
0.0397, 99.3711
0.0503, 99.2453
TEST
4.4394, 31.6870, 5.3430, 13.7817, 0.7125, 80.0866, 0.8487, 76.8113, 4.5886, 31.8120, 4.5855, 32.4757
4.7746, 46.4943, 5.8035, 29.4519, 0.5071, 88.0141, 0.9633, 79.1463, 7.1146, 31.6025, 7.2679, 29.7712
7.1754, 37.9334, 8.3544, 18.7137, 0.4315, 90.5754, 0.8999, 81.2537, 8.3234, 42.9501, 8.6199, 41.3201
5.9438, 45.3419, 6.6508, 40.2795, 0.5901, 88.2666, 1.5292, 73.1286, 7.3884, 49.4947, 7.4719, 46.8606
9.5453, 30.6605, 11.8670, 14.5984, 0.8922, 85.8496, 1.5203, 77.7704, 9.6017, 43.8577, 10.1055, 41.3712
10.3228, 45.1675, 11.5885, 29.2031, 0.3130, 95.4816, 0.7934, 87.2407, 11.7882, 46.0184, 12.1634, 42.0583
10.9783, 43.7536, 12.7901, 26.2490, 0.4220, 93.9214, 1.2194, 81.9826, 12.1307, 45.6914, 12.5905, 41.3566
10.7652, 49.9516, 13.0729, 27.9589, 0.4081, 94.3633, 1.1870, 84.1257, 12.8827, 42.8214, 13.1447, 41.6051
13.1329, 40.0930, 15.7988, 18.9625, 0.8067, 89.5292, 1.9521, 76.5709, 12.5314, 45.0336, 12.8728, 43.5348
10.4311, 53.1958, 12.9198, 27.7739, 0.3669, 94.7601, 0.6808, 88.7727, 13.6992, 43.1779, 14.1620, 39.2881
12.7997, 40.3932, 14.6874, 24.0350, 0.3071, 95.5628, 0.6784, 89.3686, 14.6448, 36.8280, 15.1618, 33.6525
12.5479, 49.8063, 14.3606, 29.0819, 0.4844, 93.6237, 1.3467, 82.5733, 14.2603, 47.0290, 14.6271, 44.7628
12.3962, 51.4333, 14.5758, 30.7663, 0.3970, 95.8063, 0.7816, 89.8008, 14.7222, 44.9932, 15.1748, 43.6372
14.5606, 41.2551, 17.6632, 22.5228, 0.3144, 96.4827, 0.6898, 90.5578, 18.3752, 35.6006, 19.3793, 32.2783
14.0957, 40.6353, 15.6835, 30.2431, 0.8069, 91.6396, 1.5998, 82.7524, 18.1779, 46.9849, 18.9804, 43.0159
14.5804, 48.2375, 15.8510, 31.6468, 0.3895, 95.2381, 0.8651, 88.8085, 15.9685, 56.1974, 16.7162, 51.7945
14.4335, 45.9907, 15.9216, 28.5395, 0.4174, 95.2832, 0.9639, 88.3353, 15.4017, 57.8143, 16.2491, 53.1467
14.4862, 41.9233, 15.7829, 25.4131, 0.2533, 96.2662, 0.6496, 90.4632, 15.6271, 43.1228, 16.5135, 38.8860
15.9336, 50.5617, 18.1916, 30.9322, 0.4274, 95.9776, 1.0328, 88.9184, 19.5488, 39.8008, 20.4441, 37.3876
16.5595, 39.2117, 18.1552, 25.9044, 0.2504, 96.8344, 0.4656, 93.2764, 20.4042, 30.1363, 21.0058, 27.9804
0.0211