epochs: 100, batch_size: 32, lr: 0.0001, method: Blur, rho: 0
VALIDATION
0.2045, 93.6792
0.1612, 95.3774
0.0925, 97.3585
0.0780, 97.8302
0.1123, 97.1698
0.0781, 98.0503
0.0611, 97.9560
0.0610, 98.3019
0.0671, 97.9874
0.0608, 98.1132
0.0739, 98.0503
0.0800, 97.7044
0.0852, 98.2075
0.0670, 98.3333
0.0562, 98.6164
0.0545, 98.6478
0.0822, 98.4277
0.1052, 97.9245
0.0712, 98.1447
0.0812, 98.3019
0.0726, 98.4277
0.0649, 98.6478
0.0558, 98.6478
0.0744, 98.4906
0.0599, 98.5220
0.0565, 98.8050
0.0654, 98.6164
0.0688, 98.7107
0.0557, 98.7107
0.0737, 98.3648
0.0685, 98.6478
0.0725, 98.7736
0.0734, 98.7421
0.0649, 98.6478
0.0685, 98.7107
0.0835, 98.3019
0.0547, 98.6792
0.0574, 98.9308
0.0737, 98.6164
0.0613, 98.9308
0.0586, 98.9937
0.0567, 98.8050
0.0808, 98.6478
0.0690, 98.7107
0.0726, 98.6164
0.0697, 98.6478
0.0668, 98.7421
0.0793, 98.5220
0.0742, 98.9937
0.0690, 98.7421
0.0703, 98.7107
0.0603, 98.6792
0.0544, 99.0252
0.0589, 98.8679
0.0549, 99.0252
0.0595, 98.8994
0.0677, 98.6792
0.0525, 98.8994
0.0549, 98.9937
0.0799, 98.8679
0.0593, 98.7107
0.0578, 99.0881
0.0655, 98.9937
0.0620, 98.8050
0.0662, 98.6164
0.0611, 98.8050
0.0551, 98.8050
0.0610, 98.8365
0.0711, 98.6792
0.0623, 98.9308
0.0600, 98.9308
0.0552, 98.9623
0.0571, 98.8994
0.0592, 98.6164
0.0547, 98.8994
0.0641, 98.7421
0.0931, 98.5220
0.0745, 98.3648
0.0714, 98.9308
0.0830, 98.4277
0.0654, 98.8050
0.0657, 98.8994
0.0905, 98.3962
0.0845, 98.7421
0.0658, 98.7736
0.0586, 98.8050
0.0682, 98.8679
0.0721, 98.8994
0.0666, 98.9937
0.0652, 98.9937
0.0537, 98.9308
0.0519, 99.0252
0.0539, 98.9308
0.0738, 98.8050
0.0645, 98.8679
0.0668, 98.8679
0.0753, 98.8679
0.0576, 98.8679
0.0618, 99.0252
0.0607, 98.9937
TEST
6.3935, 21.1602, 7.6144, 8.6773, 0.6479, 85.1190, 0.9757, 78.5709, 6.9134, 23.9261, 6.9736, 23.8506
5.3932, 46.3878, 6.7152, 25.1324, 0.9051, 80.3571, 1.6552, 67.8934, 6.7819, 40.7489, 6.8674, 38.2428
8.2218, 35.0959, 10.2153, 19.3837, 0.5895, 88.6003, 1.0465, 81.1028, 9.9843, 34.2630, 9.7739, 34.3104
8.5506, 36.9068, 11.1196, 11.9760, 0.8952, 85.0740, 1.7603, 73.8370, 8.9712, 46.8342, 9.2431, 44.4851
9.4330, 45.4678, 11.7206, 18.2416, 0.3663, 93.5877, 0.7606, 86.1257, 11.0912, 36.7067, 11.4370, 31.5182
9.7775, 38.3885, 10.9153, 27.8313, 0.3829, 93.6869, 0.8535, 84.4147, 12.2052, 36.4862, 12.3511, 32.6292
10.7370, 39.8024, 12.9072, 21.2403, 0.4091, 93.5426, 0.8109, 86.7190, 14.6930, 35.9571, 14.6988, 35.7065
12.2532, 37.1683, 14.5536, 19.5942, 0.5506, 92.1988, 1.3272, 82.5708, 14.7387, 32.0398, 15.2658, 30.6483
10.4282, 42.1751, 14.0063, 15.3066, 0.6400, 91.2247, 1.3618, 83.6424, 14.2094, 44.2031, 14.1988, 41.8244
11.7064, 49.2543, 14.0064, 25.4642, 0.5233, 92.6497, 1.3460, 81.6450, 12.2285, 41.6492, 12.5362, 39.1273
11.7682, 41.1389, 12.9696, 27.8760, 0.3666, 94.5978, 1.1863, 82.3125, 13.7298, 32.1280, 14.1311, 29.2596
12.2397, 37.8462, 14.7741, 23.5054, 0.4444, 94.2911, 1.2743, 83.2460, 15.8266, 25.6752, 17.1457, 21.5116
9.1367, 50.4261, 12.2479, 23.6777, 0.3718, 94.6429, 1.0095, 84.5707, 13.4748, 36.6553, 13.9327, 32.2418
10.7465, 47.9179, 13.9324, 25.4131, 0.6140, 91.4412, 1.3449, 82.7856, 12.7203, 41.8440, 13.1983, 37.1464
9.8524, 43.4728, 11.8705, 31.6340, 0.4523, 93.6237, 1.2645, 82.1514, 12.8199, 38.3787, 13.0822, 34.8220
12.8910, 35.0087, 16.7914, 15.7404, 1.2328, 85.0559, 2.4090, 75.8932, 14.1350, 40.2197, 14.7497, 40.1725
11.0764, 40.9839, 14.9191, 19.5432, 0.7943, 90.6566, 1.8865, 80.6194, 15.1929, 43.6593, 15.3326, 40.7865
10.8485, 48.1019, 14.6079, 24.6858, 0.6122, 92.9834, 1.3622, 85.1820, 16.5064, 42.9133, 16.8176, 39.9021
11.3021, 44.3637, 15.3167, 18.3947, 0.3488, 94.8773, 0.7047, 89.2509, 15.1838, 33.8441, 15.4120, 29.7566
11.9605, 41.7393, 16.3872, 21.4700, 0.7379, 91.6847, 1.6834, 83.0081, 15.0317, 37.4564, 15.7496, 33.7987
0.0519