epochs: 100, batch_size: 32, lr: 1e-05, method: Blur, rho: 0
VALIDATION
0.7742, 66.0377
0.5374, 79.1195
0.3309, 88.0189
0.2451, 92.1384
0.2102, 92.6415
0.1593, 95.0314
0.1540, 95.2516
0.1348, 94.8742
0.1236, 95.9434
0.1217, 96.4465
0.1367, 96.0063
0.1243, 96.3208
0.1129, 96.5723
0.1142, 96.7610
0.1276, 96.7296
0.1178, 96.6981
0.1220, 96.8239
0.1177, 96.9497
0.1406, 96.2264
0.1216, 97.0126
0.1407, 96.7925
0.1176, 96.9182
0.1378, 96.9497
0.1156, 97.2956
0.1153, 97.3270
0.1080, 97.2956
0.0990, 97.5786
0.1179, 97.4843
0.1268, 97.0755
0.1157, 97.2327
0.1159, 97.2956
0.0966, 97.8931
0.1214, 97.5786
0.1041, 97.7673
0.0993, 97.5472
0.0963, 97.9874
0.1119, 97.8302
0.1058, 97.7044
0.0932, 97.8302
0.0998, 97.7358
0.0918, 97.9874
0.0973, 97.8616
0.1295, 97.5472
0.0949, 98.0189
0.0999, 97.8302
0.0977, 97.6730
0.1050, 97.6730
0.1079, 97.7044
0.1522, 97.2327
0.1049, 97.7358
0.0981, 98.2390
0.1061, 97.7987
0.1000, 98.1761
0.0948, 98.2075
0.1033, 97.8302
0.1097, 97.7673
0.1116, 97.7358
0.1225, 97.9245
0.1443, 97.5472
0.1285, 98.0818
0.1184, 97.7673
0.0999, 98.0818
0.1361, 97.6101
0.0893, 98.1761
0.0894, 98.1761
0.0953, 98.3333
0.1169, 97.7987
0.0963, 97.8931
0.0999, 98.1447
0.0970, 98.1132
0.1117, 97.9245
0.1082, 98.0189
0.1014, 97.9560
0.1050, 98.0189
0.1200, 98.0503
0.0919, 98.2390
0.1131, 97.8302
0.1019, 98.0818
0.1023, 98.1132
0.1012, 98.3333
0.0929, 98.2390
0.1101, 97.9874
0.1210, 97.7673
0.1149, 98.1447
0.0968, 98.5535
0.1151, 98.0818
0.1323, 97.6101
0.1068, 97.9874
0.1136, 98.0503
0.0870, 98.4277
0.1141, 98.1132
0.0945, 98.3962
0.1228, 97.9560
0.0907, 98.2390
0.0896, 98.4591
0.0997, 98.1447
0.0863, 98.2390
0.1180, 98.1447
0.0902, 98.4277
0.0936, 98.0503
TEST
4.0855, 20.9665, 4.1003, 12.6587, 0.7157, 74.9008, 0.8013, 72.5173, 4.2656, 19.9170, 4.2459, 21.2777
4.8546, 23.1745, 5.1063, 12.6906, 0.9414, 72.7633, 1.0387, 71.0135, 5.5146, 27.6743, 5.4199, 27.9219
5.7460, 28.5783, 6.3031, 15.5235, 0.9139, 77.5253, 1.1164, 73.8958, 7.2858, 24.4185, 7.1695, 23.9383
6.3419, 27.9004, 7.0316, 14.1900, 0.8887, 79.4462, 1.1710, 74.2513, 8.1398, 26.7960, 8.0297, 26.7086
6.6773, 33.6142, 7.4575, 15.4980, 0.9783, 79.2298, 1.3723, 72.7577, 8.9110, 28.3394, 8.7147, 28.4044
7.6176, 26.5156, 8.5462, 9.2580, 0.7829, 82.3593, 1.1272, 76.5147, 9.2676, 31.1322, 9.1053, 30.1440
7.3982, 33.6529, 8.5969, 14.6111, 1.0678, 79.4643, 1.5859, 72.8012, 9.4932, 30.9154, 9.3130, 30.3194
7.2449, 33.5173, 8.5489, 14.7579, 1.1371, 79.0675, 1.6722, 72.9291, 9.5501, 31.9186, 9.2981, 31.2696
7.0941, 33.7207, 8.3181, 16.3083, 1.2617, 77.5523, 1.8249, 69.9624, 9.3954, 30.0555, 8.9650, 28.2655
7.7684, 41.7006, 9.0942, 18.0119, 0.8853, 83.7392, 1.5670, 74.0288, 11.1172, 30.0555, 10.8774, 28.8795
8.0734, 36.2096, 9.7263, 13.1755, 0.8839, 84.3975, 1.3610, 77.3331, 11.8182, 32.4000, 11.5982, 31.0211
8.4428, 39.1149, 10.1087, 13.1117, 0.8074, 85.5610, 1.4115, 76.8829, 11.2814, 35.4720, 11.1203, 34.3323
8.3293, 33.2849, 10.2866, 10.6297, 0.8158, 84.9928, 1.3690, 76.8676, 11.0131, 35.4316, 10.9006, 33.6379
8.6855, 33.9338, 10.8639, 10.6680, 0.7922, 86.8326, 1.2154, 80.4174, 11.9385, 32.3375, 11.8013, 30.7945
8.4055, 35.5317, 10.3834, 12.8629, 0.5182, 90.3770, 0.9025, 83.5119, 12.8967, 27.6228, 12.6487, 27.0887
8.1159, 41.4585, 10.8663, 14.4069, 0.6349, 89.2406, 1.2918, 79.3253, 12.5266, 32.4624, 12.2988, 31.1308
8.3935, 40.4029, 10.9187, 14.3368, 0.7249, 87.8698, 1.3801, 79.1207, 12.2875, 33.6383, 12.1229, 32.8046
8.3581, 42.3397, 11.0587, 14.8408, 0.7443, 88.3207, 1.4458, 78.6988, 12.6495, 33.8074, 12.5196, 32.8192
8.6481, 41.8071, 11.1097, 14.8153, 0.7112, 88.8528, 1.3468, 80.2384, 13.3844, 31.2314, 13.2970, 29.5300
8.5666, 41.1776, 11.1190, 17.1952, 0.8948, 85.8045, 1.4185, 79.4097, 12.8058, 32.5433, 12.7246, 30.6045
0.0863