epochs: 100, batch_size: 32, lr: 5e-05, method: Blur, rho: 0
VALIDATION
0.2543, 91.1321
0.1414, 95.7233
0.0970, 97.1069
0.0860, 97.4214
0.0774, 97.9245
0.0783, 97.5786
0.0651, 97.9245
0.0730, 97.8616
0.0609, 98.3019
0.0730, 98.1132
0.0526, 98.6792
0.0613, 98.4277
0.0758, 98.3333
0.0547, 98.7736
0.0649, 98.5849
0.0669, 98.4906
0.0663, 98.5849
0.0632, 98.5535
0.0835, 98.4591
0.0753, 98.2390
0.0735, 98.7421
0.0706, 98.5849
0.0697, 98.6164
0.0614, 98.5220
0.0663, 98.4906
0.0834, 98.3648
0.0564, 98.8679
0.0548, 98.9623
0.0701, 98.6478
0.0650, 98.7736
0.0965, 97.9245
0.0604, 98.7421
0.0551, 98.4591
0.0616, 99.0252
0.0691, 98.6792
0.0741, 98.8050
0.0718, 98.6164
0.0655, 98.8679
0.0673, 98.8050
0.0627, 98.7107
0.0761, 98.3333
0.0643, 98.8365
0.0697, 98.7736
0.0719, 98.5849
0.0721, 98.6792
0.0683, 98.8679
0.0768, 98.8050
0.0846, 98.8050
0.0654, 98.8994
0.0638, 98.8994
0.0816, 98.6164
0.0775, 98.6478
0.0709, 98.8365
0.0773, 98.8050
0.0910, 98.3962
0.0730, 98.8679
0.0683, 98.9937
0.0740, 98.8994
0.0781, 98.8679
0.0881, 98.6478
0.0648, 98.6792
0.0657, 98.8050
0.0854, 98.7421
0.0586, 99.0566
0.0806, 98.6164
0.0593, 98.9623
0.0741, 98.8365
0.0718, 99.1195
0.0815, 98.8050
0.0746, 99.0566
0.0767, 99.0252
0.1003, 98.8994
0.0860, 98.7421
0.0900, 98.6478
0.0659, 99.0881
0.0644, 98.8365
0.0716, 98.6164
0.0768, 98.7107
0.0634, 98.8365
0.0628, 98.8365
0.0770, 98.8365
0.0828, 98.9937
0.0846, 98.9937
0.0793, 98.9308
0.0813, 98.9937
0.0940, 98.7107
0.0678, 98.7736
0.0669, 99.0566
0.0820, 98.7421
0.0843, 98.7736
0.0792, 98.8679
0.0804, 99.0252
0.0720, 98.8994
0.0814, 98.9937
0.0769, 98.8994
0.0785, 99.0566
0.0844, 99.0566
0.1186, 98.3333
0.1589, 98.5849
0.0828, 98.6164
TEST
5.0790, 31.8613, 6.1315, 12.4928, 0.7666, 79.2388, 1.1264, 72.1746, 5.8429, 32.2530, 5.7301, 32.7827
5.7264, 37.7106, 7.4129, 16.5763, 0.9753, 81.2771, 1.4513, 74.1234, 8.9233, 25.2637, 8.7737, 24.4353
7.7601, 30.5830, 9.5742, 16.4231, 0.5054, 88.7266, 0.9010, 81.8598, 10.0330, 29.0045, 9.8322, 28.6602
6.6752, 46.7558, 8.9614, 21.3424, 0.8963, 84.7403, 1.8678, 70.0494, 9.7768, 42.6414, 9.7315, 41.2616
8.1466, 37.5363, 10.0783, 20.2195, 0.8519, 85.0018, 1.5491, 76.6144, 11.4116, 35.7660, 11.1492, 35.0486
10.5098, 31.8226, 13.0368, 13.1500, 0.4104, 93.3532, 0.8582, 86.7088, 13.3001, 30.9705, 13.2916, 30.2756
9.1030, 47.2497, 11.0102, 22.1974, 0.5240, 92.0094, 1.4129, 78.6502, 11.0680, 41.7778, 11.2756, 38.3013
9.3793, 39.9380, 11.6357, 19.0774, 0.3856, 93.9394, 0.8306, 86.1692, 13.6033, 33.4656, 13.7101, 31.4816
7.9715, 41.8652, 10.6697, 23.5756, 0.7464, 87.5361, 1.5412, 76.3305, 9.8766, 32.6278, 9.7394, 30.2536
7.6661, 51.6948, 10.6066, 29.8730, 0.5113, 91.7749, 1.6341, 77.9903, 12.3922, 34.6305, 12.0407, 33.6087
8.6067, 37.0037, 12.2837, 13.5839, 1.0833, 85.4347, 2.9284, 67.2566, 11.4615, 49.0244, 11.1945, 49.7698
9.3503, 49.1962, 13.5841, 15.3959, 0.6325, 91.4683, 1.5922, 80.8163, 14.9038, 38.5661, 14.7826, 37.6946
11.6680, 32.4230, 14.6337, 16.6975, 0.4701, 92.5505, 1.1454, 83.8674, 13.1603, 39.7494, 13.3572, 38.1770
9.1125, 45.5162, 12.7185, 21.2212, 0.7988, 89.0693, 1.6694, 79.7038, 13.1801, 41.5243, 13.2752, 38.4986
9.4138, 44.6543, 13.1098, 22.2931, 0.5374, 92.9473, 1.4481, 82.3636, 13.9363, 39.5914, 14.3588, 37.6508
11.6121, 33.4689, 15.0795, 20.3088, 0.6200, 91.5404, 1.3384, 83.3968, 15.1500, 32.4404, 15.0527, 31.0577
11.1333, 47.6080, 15.0212, 22.2804, 0.6122, 92.8211, 1.8883, 80.0875, 13.7841, 46.6578, 13.6817, 46.1297
10.2082, 43.5599, 14.3574, 23.0332, 0.5360, 93.0736, 1.5592, 81.3048, 14.8593, 38.2979, 15.0833, 35.5530
8.5038, 51.6851, 12.1638, 26.8360, 0.4288, 94.3813, 1.5218, 80.6552, 15.5966, 42.3143, 15.4169, 40.7573
9.4683, 43.8892, 12.9785, 22.5228, 0.5766, 92.3160, 1.4884, 81.0900, 14.3036, 37.4343, 14.3821, 35.4872
0.0526