epochs: 100, batch_size: 32, lr: 0.0005, method: Blur, rho: 0
VALIDATION
0.0957, 96.3836
0.0955, 97.1069
0.0636, 98.0818
0.0596, 98.3019
0.0657, 98.1761
0.0596, 98.0818
0.0487, 98.5849
0.0598, 97.9874
0.0443, 98.7421
0.0532, 98.5535
0.0533, 98.3648
0.0520, 98.3962
0.0615, 98.0818
0.0393, 98.8679
0.0512, 98.3962
0.0566, 98.6164
0.0436, 98.9308
0.0580, 98.5535
0.0357, 98.9937
0.0661, 98.4591
0.0385, 99.0252
0.0593, 98.6478
0.0361, 99.0252
0.0515, 98.8994
0.0480, 98.8994
0.0358, 99.0881
0.0498, 98.7107
0.0488, 98.9623
0.0552, 99.0566
0.0522, 98.9623
0.0555, 98.9623
0.0436, 99.0881
0.0555, 98.8994
0.0455, 98.9308
0.0858, 98.4906
0.0559, 98.9623
0.0477, 98.7736
0.0349, 99.1509
0.0647, 98.3962
0.0360, 99.2767
0.0569, 98.3648
0.0682, 98.6792
0.0595, 98.8679
0.0530, 99.1509
0.0514, 99.0881
0.0458, 98.8365
0.0418, 99.1824
0.0362, 99.1824
0.0378, 99.0252
0.0803, 98.2704
0.0482, 98.8994
0.0515, 98.8365
0.0712, 98.6164
0.0535, 98.9623
0.0732, 98.7736
0.0600, 98.7421
0.0496, 99.1509
0.0409, 99.3082
0.0508, 99.0566
0.0532, 99.0252
0.0575, 98.8994
0.0732, 98.6792
0.0461, 99.0566
0.0563, 98.9937
0.0489, 98.9937
0.0611, 99.0252
0.0617, 98.8679
0.0570, 99.1824
0.0779, 98.7107
0.0390, 99.0566
0.0424, 99.0881
0.0456, 99.2138
0.0469, 99.0881
0.0608, 98.9937
0.0476, 98.9308
0.0553, 98.9937
0.0837, 98.8994
0.0782, 98.5849
0.0495, 98.9308
0.0550, 99.2453
0.0827, 98.7736
0.0653, 98.7107
0.0666, 98.9937
0.0430, 98.9308
0.0515, 99.1509
0.0632, 99.1195
0.0617, 99.1195
0.0556, 98.9623
0.0537, 98.9937
0.0554, 98.9623
0.0674, 98.9623
0.0458, 99.0881
0.0439, 99.0566
0.0600, 98.8050
0.0656, 99.0252
0.0596, 98.8050
0.0641, 98.7421
0.0638, 98.9308
0.0605, 98.8679
0.0626, 98.9623
TEST
7.1709, 26.1573, 8.0554, 14.9812, 1.0950, 78.2558, 1.6254, 70.6759, 7.0422, 36.8831, 7.3208, 31.9713
7.9044, 35.1830, 8.6529, 21.0872, 1.0802, 80.9794, 2.0127, 69.1236, 8.9017, 29.6513, 8.8791, 29.0768
11.8244, 20.5113, 11.2570, 19.6516, 0.7499, 86.8867, 1.4240, 77.8088, 10.8282, 37.2322, 11.5956, 31.3354
9.8343, 19.6882, 10.1805, 19.2050, 1.8788, 73.5750, 3.1263, 64.0751, 6.9186, 47.4369, 7.0355, 46.3855
14.4320, 28.9948, 15.8220, 20.0217, 0.8812, 87.7255, 1.8840, 78.8803, 14.6012, 34.8289, 15.3302, 31.3281
12.8407, 36.1902, 14.2232, 25.5152, 0.2728, 95.2381, 0.8958, 85.7548, 13.9747, 39.1872, 14.4748, 34.4858
17.6472, 23.8234, 16.8445, 24.5199, 0.9432, 87.3557, 1.8181, 78.4098, 12.8928, 46.7607, 13.3438, 44.6897
17.0451, 31.6676, 18.2279, 25.1643, 0.6849, 92.4062, 1.5256, 84.5119, 15.9212, 40.8591, 16.9903, 34.2519
18.8831, 37.2748, 20.6255, 28.4183, 0.5574, 92.9563, 1.6960, 82.1590, 15.5142, 42.9537, 16.2206, 37.4973
19.1974, 26.4672, 21.3082, 9.7173, 0.7155, 90.8009, 1.5851, 81.7498, 11.7871, 54.6577, 12.8206, 50.1425
19.2126, 28.1426, 19.6999, 23.7925, 1.6687, 82.5126, 2.7935, 76.3331, 14.5385, 43.6042, 14.7212, 42.5261
15.9231, 44.3250, 18.0268, 32.6868, 0.8449, 92.0815, 2.1303, 82.2051, 16.3096, 52.5962, 17.0971, 47.1018
19.7711, 41.1098, 21.7678, 30.7790, 1.5012, 88.6544, 3.1277, 79.9187, 20.0279, 43.4792, 22.7207, 32.2491
21.4122, 42.2913, 22.9645, 31.9020, 0.1803, 97.3846, 0.6479, 91.3122, 18.8129, 41.3222, 20.6296, 33.2505
19.7422, 35.7350, 20.8784, 20.3854, 0.4701, 94.8142, 1.3235, 86.7344, 20.3112, 42.4576, 23.3857, 31.5255
20.3948, 26.3413, 23.5279, 17.8077, 0.3279, 95.9686, 1.2020, 87.9389, 20.3394, 23.7570, 24.6803, 12.5064
20.2433, 32.0647, 21.3451, 26.8232, 0.7758, 92.7760, 2.0555, 83.6551, 16.2055, 44.3244, 17.9898, 38.4402
21.1489, 42.4172, 24.3452, 17.1633, 0.6558, 94.5166, 1.6625, 86.7574, 26.5052, 36.1739, 29.4405, 29.8735
16.9052, 47.0076, 18.7428, 30.7280, 0.4261, 95.8694, 1.4454, 86.9517, 19.4727, 48.6459, 21.1259, 42.5042
18.4833, 42.2719, 19.5318, 31.9403, 0.6892, 94.0025, 2.0725, 84.3917, 20.1372, 48.4548, 22.3094, 40.2895
0.0349