epochs: 100, batch_size: 32, lr: 0.0001, method: Blur, rho: 0
VALIDATION
1.0757, 52.9560
1.0404, 53.8679
1.0099, 53.8679
1.0133, 52.2956
1.0179, 53.2704
0.9788, 56.2264
0.9096, 60.1887
0.7976, 66.1635
0.5659, 79.6855
0.3736, 86.4780
0.2359, 92.4214
0.1765, 94.1824
0.1294, 95.8176
0.0932, 97.0126
0.0752, 97.5786
0.0762, 97.4843
0.0753, 97.5157
0.0618, 98.1761
0.0551, 98.2704
0.0506, 98.4277
0.0504, 98.5849
0.0465, 98.5535
0.0473, 98.4591
0.0522, 98.4906
0.0564, 98.4591
0.0499, 98.6478
0.0499, 98.7736
0.0672, 98.2075
0.0617, 98.4906
0.0504, 98.3648
0.0424, 98.6164
0.0583, 98.7107
0.0579, 98.4277
0.0452, 98.9623
0.0588, 98.3648
0.0436, 98.7107
0.0501, 98.9623
0.0574, 98.7736
0.0653, 98.1132
0.0784, 98.2390
0.0621, 98.7107
0.0503, 98.7421
0.0509, 98.7736
0.0597, 98.6792
0.0572, 98.8679
0.0690, 98.3962
0.0571, 98.6792
0.0541, 98.4591
0.0458, 99.0566
0.0570, 98.6792
0.0520, 98.7107
0.0675, 98.3648
0.0517, 98.8679
0.0882, 98.3019
0.0517, 98.8365
0.0530, 98.8994
0.0736, 98.6792
0.0432, 98.9937
0.0544, 99.0881
0.0427, 99.3082
0.0454, 98.7736
0.0649, 98.7421
0.0482, 98.9937
0.0414, 98.8994
0.0629, 98.5535
0.0648, 98.9937
0.0387, 98.7736
0.0492, 98.9937
0.0557, 99.1509
0.0727, 98.3962
0.0528, 98.9308
0.0563, 98.9308
0.0412, 99.0252
0.0548, 98.8679
0.0511, 98.8365
0.0489, 98.8994
0.0471, 98.9308
0.0449, 98.9308
0.0419, 99.0252
0.0410, 99.0252
0.0568, 98.8994
0.0574, 98.9623
0.0610, 98.8365
0.0465, 99.1509
0.0494, 98.9623
0.0428, 99.2138
0.0648, 98.8994
0.0491, 98.8679
0.0551, 98.8365
0.0540, 98.9308
0.0649, 98.8050
0.0444, 99.0881
0.0527, 98.7736
0.0488, 99.1195
0.0671, 98.4906
0.0644, 98.8994
0.0630, 98.6164
0.0711, 98.8994
0.0591, 98.8365
0.0510, 99.0566
TEST
2.0545, 0.0097, 2.0590, 0.0064, 0.6268, 88.3748, 0.6244, 89.3865, 1.1776, 9.8850, 1.1724, 9.9554
2.2108, 24.1333, 2.2968, 17.8715, 1.0466, 56.4214, 0.9426, 62.9038, 2.1231, 26.9945, 2.0281, 29.4861
3.1548, 27.3969, 3.6861, 14.1071, 0.9425, 68.5155, 0.9021, 70.6120, 3.5475, 37.0962, 3.4703, 37.9797
4.2155, 36.7422, 4.7947, 23.1481, 0.8797, 77.5433, 1.1844, 71.7373, 4.8198, 33.3003, 4.8552, 30.7507
6.6494, 29.6436, 7.5913, 17.5971, 0.5923, 86.3546, 0.8801, 81.6987, 7.4394, 36.0232, 7.3153, 36.2474
6.3098, 37.3911, 7.8540, 17.7567, 0.8744, 79.9423, 1.6167, 68.8294, 6.3122, 51.1667, 6.2072, 51.7725
7.8444, 37.6913, 8.5595, 23.1545, 0.7283, 86.3636, 1.2694, 79.2154, 8.6140, 41.0319, 8.6450, 38.2136
8.4090, 35.8803, 10.1757, 22.2485, 0.9808, 82.4585, 1.7279, 73.4534, 8.2045, 46.8306, 8.2600, 46.2759
8.9046, 40.2770, 10.2634, 27.3911, 0.3504, 93.4253, 0.8830, 84.9799, 11.0822, 35.4647, 11.4516, 32.1833
8.5656, 44.0054, 9.7968, 25.6173, 0.6324, 88.8709, 1.5374, 77.5095, 10.3414, 38.4302, 10.7198, 35.0632
9.4085, 45.0126, 10.1156, 31.6276, 0.5750, 90.2868, 1.1886, 82.0618, 10.2670, 42.3878, 10.6502, 39.4269
9.6121, 38.2142, 11.3649, 25.1133, 0.6875, 88.9881, 1.3433, 81.1437, 9.3423, 47.3781, 9.9136, 43.5421
8.9631, 35.3670, 10.9819, 20.5576, 0.7280, 87.6894, 1.4447, 78.5044, 9.5516, 36.3907, 9.8148, 34.2226
8.7630, 40.1414, 10.6626, 21.8273, 0.9164, 85.1281, 2.1199, 70.2949, 9.0992, 44.5853, 9.1911, 43.8930
10.7738, 36.1127, 12.3924, 21.6934, 0.3964, 92.3611, 0.9350, 84.8316, 11.0489, 42.9868, 11.6882, 38.8568
11.4656, 40.8580, 13.6747, 23.5118, 0.4267, 93.7590, 1.0570, 85.2945, 10.8922, 45.3019, 11.2072, 42.5481
11.0773, 36.2483, 12.7644, 20.1557, 0.4645, 92.5505, 1.0031, 85.9620, 11.1883, 47.0143, 11.5294, 45.4791
12.7711, 36.5195, 14.2616, 22.5292, 0.3258, 94.6609, 0.7508, 88.2075, 11.0113, 43.8283, 11.8170, 39.2296
12.5422, 31.1931, 12.8238, 23.3650, 0.2076, 96.1670, 0.5816, 89.5783, 12.5550, 39.3341, 12.8610, 35.2971
10.9842, 46.8623, 12.3921, 30.9705, 0.4728, 93.1908, 1.0573, 85.3098, 11.0473, 51.0344, 11.6929, 43.4983
0.0387