epochs: 100, batch_size: 32, lr: 5e-05, method: Blur, rho: 0
VALIDATION
1.0383, 49.1509
1.0092, 53.2704
1.0258, 53.7736
1.0197, 52.5472
1.0644, 43.3962
1.0096, 53.6478
0.9756, 54.7484
0.8960, 58.9308
0.8125, 65.3459
0.6342, 75.6918
0.4690, 81.8239
0.2953, 89.9371
0.2079, 93.0818
0.1501, 94.4340
0.1286, 95.8176
0.1092, 96.4465
0.0860, 97.1384
0.0761, 97.5472
0.0860, 97.0440
0.0733, 97.9245
0.0746, 97.5472
0.0660, 97.7044
0.0688, 97.5472
0.0769, 97.6730
0.0599, 98.1761
0.0734, 98.0189
0.0589, 98.1132
0.0626, 98.1132
0.0767, 98.0189
0.0939, 97.5786
0.0630, 97.7673
0.0813, 97.9245
0.0732, 98.1761
0.0688, 97.8616
0.0633, 98.3019
0.0799, 98.0189
0.0773, 98.2390
0.0823, 98.1761
0.0641, 98.2704
0.0952, 98.1447
0.0854, 98.0189
0.0691, 98.4277
0.0845, 97.8931
0.0807, 98.3019
0.0772, 98.6164
0.1327, 96.8868
0.0794, 98.3019
0.0949, 97.7044
0.0817, 98.1132
0.0621, 98.4591
0.0835, 98.0189
0.0610, 98.6792
0.0684, 98.5535
0.0691, 98.3648
0.0589, 98.4906
0.0644, 98.6792
0.0704, 98.7107
0.0990, 98.3962
0.0663, 98.4906
0.0841, 98.1447
0.0658, 98.6478
0.0690, 98.6164
0.0658, 98.5849
0.0997, 97.7987
0.0997, 98.1761
0.0654, 98.6164
0.0883, 98.4591
0.0711, 98.3962
0.0637, 98.6478
0.0715, 98.6792
0.0701, 98.8050
0.0620, 98.6478
0.0647, 98.6478
0.0599, 98.7107
0.0635, 98.6792
0.0943, 98.5535
0.0639, 98.5220
0.0814, 98.4591
0.0665, 98.7107
0.0850, 98.5849
0.0856, 98.3962
0.0725, 98.7107
0.0731, 98.7736
0.1097, 97.8931
0.0821, 98.4906
0.0851, 98.8050
0.0675, 98.8679
0.0894, 98.5220
0.0728, 98.8365
0.0802, 98.5220
0.0684, 98.7421
0.0608, 98.8365
0.0761, 98.6478
0.0620, 98.8365
0.0994, 98.7736
0.0982, 98.1761
0.0766, 98.6792
0.0841, 98.6164
0.0948, 98.4906
0.0677, 98.5849
TEST
1.5026, 0.0194, 1.5004, 0.0128, 0.9407, 63.3658, 0.9416, 62.9907, 1.0130, 37.0191, 1.0105, 37.5046
1.8310, 11.5243, 1.8364, 11.1083, 0.8171, 64.8719, 0.7874, 67.0955, 1.6418, 27.1231, 1.5911, 29.1718
3.2308, 22.7581, 3.5923, 13.0734, 0.6175, 77.4531, 0.6411, 78.6911, 3.6726, 21.4456, 3.5673, 21.2558
4.1784, 29.4693, 4.8575, 14.7323, 0.6447, 80.6097, 0.8344, 76.1336, 4.9203, 33.3150, 4.7146, 32.0810
5.1719, 28.5396, 6.2831, 18.1012, 1.0358, 75.4058, 1.3626, 70.6299, 5.2953, 41.2928, 5.2895, 39.5439
7.3891, 23.6200, 8.9337, 9.4558, 0.5264, 87.4008, 0.8163, 81.8419, 7.8483, 36.9566, 7.8196, 37.7531
6.4072, 30.5443, 7.5859, 17.3036, 0.9812, 81.1147, 1.4072, 75.2692, 7.0937, 44.2803, 7.0685, 42.3946
7.6693, 33.7304, 9.2303, 18.7201, 0.6137, 88.1043, 1.1263, 79.8496, 9.3487, 37.7430, 9.4526, 35.1656
8.0514, 38.9793, 9.6725, 21.1574, 0.7612, 86.7875, 1.4955, 76.8804, 8.7903, 42.4834, 8.7995, 40.4137
6.7916, 36.9649, 9.1447, 19.9962, 1.2089, 80.7720, 1.8176, 73.4687, 8.8047, 41.1127, 8.9724, 38.0455
8.4030, 27.7649, 9.7759, 19.0391, 0.7895, 85.4167, 1.2961, 78.7294, 9.1509, 41.0135, 9.2436, 40.2237
8.4143, 45.0513, 10.1527, 32.4380, 0.9194, 85.4618, 2.0416, 71.0800, 9.4971, 42.0204, 9.6376, 39.0469
10.0568, 30.9704, 12.0510, 14.3112, 0.5171, 91.3600, 1.1028, 83.1948, 10.6222, 39.4297, 10.6223, 37.4534
8.4737, 34.3018, 10.5361, 20.8448, 0.7584, 87.5631, 1.3302, 79.9801, 9.8462, 47.9550, 10.3763, 46.6706
8.5357, 43.3372, 10.9165, 20.7810, 0.6205, 90.4311, 1.5809, 76.3894, 10.1896, 45.6142, 10.4132, 42.0583
8.5507, 44.1604, 10.5604, 28.7628, 0.6361, 90.3229, 1.8773, 74.7065, 12.1120, 41.0466, 12.3864, 35.8161
8.2758, 43.0467, 10.4781, 23.3267, 0.7489, 88.2035, 1.6851, 78.8778, 12.3681, 40.4182, 12.6602, 36.6274
7.8528, 45.3031, 10.4131, 24.3986, 0.6614, 89.7547, 1.4602, 79.8445, 10.9912, 45.3203, 11.2444, 43.3740
10.1994, 42.9402, 12.6446, 22.2931, 0.4183, 93.8943, 0.9538, 86.2254, 13.3312, 44.3538, 13.5737, 41.0277
8.4132, 48.8282, 10.8092, 25.2090, 0.7352, 89.0602, 1.6919, 78.3944, 11.6324, 43.6813, 11.9403, 41.4297
0.0589