epochs: 100, batch_size: 32, lr: 1e-05, method: Blur, rho: 0
VALIDATION
1.0232, 53.3962
1.0231, 53.3962
1.0295, 53.1447
1.0211, 53.3962
1.0183, 53.3962
1.0170, 53.2390
1.0201, 53.3962
1.0227, 51.3208
1.0266, 53.6164
1.0065, 53.3648
0.9981, 52.9245
0.9842, 53.5849
0.9763, 55.5975
0.9389, 60.2201
0.8885, 60.3145
0.8690, 61.1321
0.7357, 69.5912
0.6417, 74.3711
0.5756, 77.4214
0.4545, 82.5786
0.3959, 85.0943
0.3628, 86.2579
0.3025, 89.0252
0.2509, 91.2579
0.2508, 91.5723
0.2669, 90.7233
0.2206, 92.6101
0.2007, 93.8994
0.1870, 93.5849
0.1652, 94.7799
0.1575, 95.0943
0.1643, 95.2830
0.1638, 95.1572
0.1668, 95.1572
0.1656, 95.6918
0.1700, 95.5346
0.1561, 95.5031
0.1413, 96.4780
0.1494, 95.7547
0.1456, 95.6289
0.1634, 95.7233
0.1602, 96.1006
0.1449, 96.6981
0.1481, 96.4465
0.1345, 96.7296
0.1309, 96.6981
0.1573, 96.5723
0.1451, 96.9182
0.1330, 96.6352
0.1732, 96.1006
0.1464, 96.7610
0.1412, 96.9811
0.1547, 96.4465
0.1379, 97.0126
0.1391, 96.6981
0.1464, 96.5723
0.1134, 97.1698
0.1500, 96.8868
0.1188, 97.4214
0.1431, 96.9497
0.1679, 96.6038
0.1318, 97.2013
0.1229, 97.4214
0.1327, 97.2956
0.1536, 96.9182
0.1228, 97.5472
0.1443, 97.2956
0.1084, 97.3585
0.1180, 97.6101
0.1334, 96.8553
0.1438, 97.1069
0.1257, 97.3270
0.1389, 97.4843
0.1113, 97.5786
0.1234, 97.3899
0.1227, 97.5786
0.1207, 97.3899
0.1042, 97.6730
0.1309, 97.4214
0.1093, 97.7044
0.1091, 97.6101
0.1059, 97.8302
0.1046, 97.6730
0.1163, 97.8931
0.1245, 97.7358
0.1197, 97.6101
0.1090, 97.7044
0.1618, 96.8868
0.1388, 97.0440
0.1089, 97.9560
0.1271, 97.2956
0.1094, 97.9874
0.1215, 97.6730
0.0995, 97.9560
0.1226, 97.3585
0.1040, 97.8616
0.1214, 97.8302
0.0905, 98.0818
0.1126, 97.9874
0.0920, 98.0503
TEST
1.4254, 0.0097, 1.4197, 0.0064, 0.6874, 99.9820, 0.6866, 99.9923, 1.3738, 0.0037, 1.3735, 0.0073
1.5660, 0.2518, 1.5609, 0.2169, 0.7267, 98.8636, 0.7270, 99.1100, 1.2469, 0.4079, 1.2477, 0.3801
1.4767, 8.7643, 1.4661, 11.3188, 0.8552, 65.7828, 0.8312, 67.7962, 1.4365, 22.8347, 1.4381, 27.0010
2.5426, 19.2911, 2.4515, 17.2781, 0.9135, 61.8506, 0.8566, 65.7093, 2.3565, 22.0850, 2.3326, 26.8255
3.3041, 20.3467, 3.5495, 14.2538, 0.9630, 65.0433, 0.9509, 66.8346, 3.2143, 26.5866, 3.1063, 29.1280
4.0915, 24.5303, 4.5299, 15.2555, 1.0397, 67.5234, 1.0793, 68.6351, 4.4081, 27.7220, 4.2843, 29.5666
4.9545, 28.2684, 5.5079, 16.8187, 1.0853, 69.7330, 1.1796, 69.6657, 5.2932, 28.1924, 5.1010, 29.2449
5.1034, 25.1985, 5.9978, 12.4226, 1.3538, 66.9282, 1.4535, 66.8806, 5.3379, 35.4426, 5.1158, 35.4579
5.4661, 31.7064, 6.6122, 17.6035, 1.3781, 70.0577, 1.5494, 68.6274, 6.6437, 33.8845, 6.3371, 34.1203
5.0686, 35.0184, 5.9915, 22.0443, 1.7259, 66.4232, 2.0062, 63.7759, 7.2815, 32.9218, 6.9666, 33.0093
5.4141, 35.2121, 6.7079, 19.5942, 1.3844, 71.6540, 1.6012, 69.5072, 7.8632, 32.2309, 7.6007, 33.1262
6.6922, 30.3603, 8.2446, 14.0433, 1.0923, 77.4892, 1.3171, 74.4891, 8.2951, 34.1859, 8.0163, 34.8513
6.1313, 36.5291, 7.5096, 19.5559, 1.4698, 72.9618, 1.7014, 70.9394, 8.5794, 35.3618, 8.1822, 36.6347
5.9488, 34.3502, 7.5280, 20.8639, 1.3657, 74.1432, 1.7214, 69.6811, 8.6614, 34.6783, 8.2901, 35.7795
6.5957, 35.4542, 7.9944, 15.2109, 0.9421, 81.4484, 1.2780, 76.4865, 8.4991, 37.3020, 8.1482, 37.2707
6.9097, 34.8441, 8.6006, 16.5763, 1.0678, 80.6367, 1.4416, 76.2078, 9.3688, 36.7067, 9.1071, 37.0295
7.1381, 36.8100, 9.0698, 19.1795, 1.1635, 78.9232, 1.5752, 74.1643, 9.1704, 36.7655, 8.8718, 37.7896
7.1312, 34.7182, 8.8750, 16.0467, 0.9175, 83.0988, 1.3858, 76.3382, 8.9186, 39.7494, 8.6437, 40.4064
6.9196, 31.5127, 8.5535, 15.7787, 1.0949, 79.8611, 1.7235, 71.3665, 8.8331, 38.9189, 8.5628, 39.2661
7.0515, 38.3982, 8.9360, 19.3007, 0.9916, 82.6299, 1.4666, 77.1489, 9.5309, 38.3126, 9.2122, 39.9021
0.0905