epochs: 100, batch_size: 32, lr: 5e-05, method: Adam, rho: 0
VALIDATION
0.1586, 94.9686
0.1014, 96.9182
0.0788, 97.5157
0.0847, 97.4214
0.1233, 96.1635
0.0709, 97.8302
0.0886, 97.6730
0.0779, 97.8931
0.0702, 97.9560
0.0709, 98.0503
0.0687, 98.1132
0.0523, 98.7421
0.0890, 97.9874
0.0661, 98.3962
0.0653, 98.2390
0.0752, 98.2390
0.0589, 98.4591
0.0575, 98.3962
0.0674, 98.3648
0.0618, 98.6164
0.0696, 98.4906
0.0585, 98.6164
0.0755, 98.5220
0.0733, 98.4277
0.0494, 98.8050
0.0672, 98.5220
0.0648, 98.4906
0.0716, 98.2075
0.0602, 98.6164
0.0571, 98.6792
0.0784, 98.6792
0.0748, 98.7107
0.0623, 98.7736
0.0540, 98.8994
0.0590, 98.5535
0.0586, 98.8365
0.0792, 98.4277
0.0675, 98.7421
0.0536, 98.6164
0.0575, 98.7736
0.0649, 98.7107
0.0638, 98.6478
0.0665, 98.7107
0.0720, 98.7107
0.0758, 98.5849
0.0658, 98.6164
0.0581, 98.7736
0.0673, 98.7107
0.0674, 98.5849
0.0781, 98.4591
0.0693, 98.8050
0.0656, 98.8050
0.0652, 98.6792
0.1040, 98.1447
0.0572, 98.7736
0.0607, 98.8679
0.0675, 98.3962
0.0590, 98.8365
0.0591, 98.7107
0.0626, 98.9937
0.0572, 99.0566
0.0928, 98.3333
0.0476, 98.8679
0.0776, 98.5849
0.0639, 98.7736
0.0633, 98.8679
0.0634, 98.9308
0.0551, 98.8365
0.0585, 98.9623
0.0640, 98.8050
0.0718, 98.5220
0.0587, 98.6792
0.0707, 98.7736
0.0597, 98.8365
0.0707, 98.7421
0.0515, 99.0252
0.0677, 98.8679
0.0626, 98.9623
0.0751, 98.3648
0.0635, 98.7107
0.0585, 98.9623
0.0621, 98.8050
0.0604, 98.8679
0.0572, 99.0252
0.0653, 98.8050
0.0572, 98.9308
0.0507, 98.9308
0.0492, 98.8679
0.0714, 98.9937
0.0489, 98.9308
0.0543, 99.0252
0.0628, 98.8994
0.0627, 99.1195
0.0612, 98.9623
0.0486, 98.9937
0.0691, 98.8050
0.0620, 98.7736
0.0649, 98.9937
0.0562, 99.1509
0.0602, 98.9937
TEST
5.6183, 26.6705, 6.4123, 11.1529, 1.3253, 69.7872, 1.9722, 59.7274, 6.0803, 38.3493, 6.0101, 37.0368
8.2122, 31.8807, 9.9480, 11.6378, 0.4626, 89.1865, 0.9067, 81.0414, 10.3751, 23.9518, 10.4123, 23.2074
8.3694, 36.1127, 10.8356, 10.7765, 0.6417, 87.4729, 1.4562, 73.6528, 11.1936, 36.9860, 11.0819, 36.2181
9.3184, 37.8850, 11.7174, 9.4238, 0.4868, 90.5844, 1.2287, 78.6425, 11.8439, 33.5795, 11.8405, 33.5136
9.0413, 42.3204, 12.0589, 12.5502, 0.5656, 90.8099, 1.4714, 78.6578, 12.5890, 32.3779, 12.6197, 32.3076
7.8338, 46.8623, 10.2758, 17.8587, 0.4981, 90.7918, 1.0049, 81.2460, 12.9065, 33.3223, 12.8241, 32.9143
8.6605, 47.1916, 11.8237, 13.1500, 0.5405, 90.0613, 1.4707, 75.6451, 12.5971, 40.3373, 12.5152, 39.5293
10.8564, 40.9355, 13.4732, 10.5404, 0.3580, 93.7320, 0.7462, 86.9134, 16.0334, 28.7877, 16.2328, 27.0594
9.7186, 47.0366, 13.1052, 20.0472, 0.6460, 90.8550, 1.5419, 81.3816, 15.4050, 28.2034, 15.3918, 26.8475
10.8997, 35.9190, 13.4697, 14.5473, 0.4212, 93.1457, 1.2205, 82.2409, 15.9407, 29.0596, 15.9338, 29.5592
11.2863, 39.7250, 13.8541, 17.5844, 0.4982, 92.4423, 1.0685, 85.0157, 16.1681, 28.1042, 15.9872, 28.3386
11.1038, 38.7178, 15.4525, 10.8786, 0.5315, 92.6136, 1.3183, 82.9237, 14.9189, 33.9580, 14.7288, 31.4524
11.3712, 38.9309, 14.7899, 13.8072, 0.4886, 92.7219, 1.3985, 80.9800, 14.6796, 29.0082, 14.3280, 29.9686
11.8365, 32.7523, 16.1095, 12.4737, 0.9092, 86.9499, 1.7614, 77.4737, 13.7076, 38.4155, 13.8057, 37.1245
12.5207, 36.4420, 17.3511, 8.7284, 0.6437, 91.2969, 1.3391, 82.8700, 17.0640, 36.2584, 17.0562, 36.4082
9.3914, 53.0409, 13.4195, 19.3390, 0.5494, 92.5685, 1.4891, 80.4609, 15.7955, 33.7596, 15.6428, 32.8777
11.9685, 44.2863, 16.4511, 16.1296, 0.4275, 94.7511, 1.1514, 85.9006, 19.2545, 28.5415, 19.1263, 27.9146
12.0776, 36.8390, 16.4891, 14.2793, 0.7161, 89.9802, 1.3481, 82.7396, 16.0141, 35.2111, 16.1096, 32.4465
11.9735, 41.7296, 16.1945, 15.0514, 0.4241, 93.4253, 1.2681, 81.4097, 13.8134, 39.2239, 14.0979, 36.2108
10.2962, 46.1650, 14.8366, 17.8077, 0.4960, 93.2179, 1.5165, 81.0874, 15.2022, 41.2303, 14.9805, 40.5526
0.0476