epochs: 100, batch_size: 32, lr: 1e-05, method: Adam, rho: 0
VALIDATION
0.6148, 75.0314
0.3761, 86.1635
0.3331, 88.1132
0.3370, 89.1824
0.3450, 89.6855
0.3432, 90.4403
0.3568, 90.9434
0.3935, 89.9686
0.3732, 90.8805
0.3254, 91.9182
0.3536, 91.7925
0.3269, 92.1384
0.3107, 92.2327
0.2987, 92.2956
0.3299, 92.3270
0.3558, 92.3585
0.3234, 92.6415
0.3228, 92.8302
0.4311, 90.8491
0.2475, 94.2138
0.2832, 93.6164
0.2448, 94.4340
0.2514, 94.1509
0.2805, 93.8994
0.2656, 94.1824
0.2679, 94.4654
0.2694, 94.3396
0.2168, 95.2201
0.2603, 94.8742
0.2762, 94.4340
0.3039, 93.8050
0.2675, 94.9057
0.2706, 94.5283
0.2487, 94.7170
0.2650, 94.5912
0.2392, 94.5912
0.2483, 95.3459
0.2461, 95.3145
0.2369, 95.5031
0.2201, 95.5660
0.2366, 95.2201
0.2387, 95.2516
0.2320, 95.4088
0.2355, 95.5660
0.2439, 95.1887
0.2356, 95.0314
0.1949, 96.0377
0.1953, 95.9119
0.2408, 95.5031
0.2099, 95.9119
0.1864, 96.3208
0.2105, 95.4403
0.2282, 95.5660
0.2221, 95.6289
0.2226, 95.5346
0.2374, 95.8491
0.2331, 95.5660
0.2090, 95.9434
0.2146, 96.5094
0.2858, 95.7233
0.2170, 95.9434
0.2162, 95.9434
0.2217, 96.0063
0.2450, 95.5346
0.2026, 96.5094
0.2161, 96.6667
0.2235, 95.7547
0.2159, 96.0063
0.1987, 96.3522
0.2255, 96.2579
0.2522, 95.4403
0.2272, 96.0377
0.2178, 96.1006
0.1858, 96.6981
0.2130, 96.2893
0.1901, 96.5094
0.1751, 96.5409
0.1896, 96.7610
0.1934, 96.8868
0.2013, 96.8239
0.1995, 96.3522
0.2055, 96.9497
0.2195, 96.1635
0.1787, 96.6038
0.1935, 96.7296
0.1914, 96.7610
0.1885, 96.9497
0.1926, 97.0755
0.1802, 96.8239
0.2480, 96.4465
0.1949, 96.8239
0.1799, 97.0755
0.1776, 97.1069
0.1633, 97.2013
0.2408, 96.1006
0.2077, 96.7925
0.2047, 97.0126
0.2067, 96.5409
0.2004, 96.8553
0.1741, 96.6981
TEST
5.2070, 19.4557, 5.0830, 16.4423, 1.3992, 64.8268, 1.5032, 63.0879, 4.9812, 24.3156, 4.8611, 24.7350
6.9587, 20.2983, 6.8682, 16.3593, 1.4824, 68.4524, 1.7827, 64.5891, 6.9535, 24.2017, 6.8021, 25.1590
7.7691, 19.6107, 7.8588, 13.7370, 1.3779, 71.9877, 1.6664, 68.8064, 8.4994, 24.0363, 8.4047, 24.8154
7.6146, 25.7408, 7.7842, 17.7247, 1.7889, 66.6576, 2.2179, 61.7529, 8.4412, 29.5998, 8.2765, 30.9188
8.1749, 26.6415, 8.3300, 17.6035, 1.9341, 68.1548, 2.2972, 63.6940, 8.9961, 26.5902, 8.7614, 27.0302
8.8298, 23.4069, 9.0625, 14.6175, 1.3734, 75.1263, 1.7795, 70.0877, 9.9329, 24.5030, 9.7877, 25.0713
8.5065, 28.4815, 8.9832, 15.3321, 1.3265, 75.2976, 1.7526, 69.6657, 10.2271, 26.9687, 10.1431, 27.8562
9.1034, 28.7720, 9.5659, 16.9910, 1.3554, 75.3608, 1.9013, 68.6504, 10.7724, 27.4648, 10.5989, 27.3445
8.8409, 32.9556, 9.3440, 18.1522, 1.5251, 74.2154, 2.1360, 66.6479, 10.5318, 27.4832, 10.4206, 28.4994
8.7329, 31.9388, 9.4668, 16.7868, 1.6893, 72.4838, 2.1957, 67.2157, 10.5846, 30.6177, 10.3881, 31.7448
8.8101, 34.3211, 9.9439, 16.8634, 1.6152, 74.2514, 2.3385, 66.2106, 11.1130, 32.1427, 10.9561, 32.8704
9.6972, 30.7476, 10.6125, 15.1790, 1.3039, 78.9322, 2.0853, 70.5685, 12.4613, 29.6770, 12.2900, 29.7274
9.5723, 34.1178, 10.5220, 16.5252, 1.3351, 78.2828, 1.9603, 71.4636, 12.0736, 30.3054, 11.9383, 30.4802
9.2347, 34.7666, 10.2775, 18.5733, 1.5056, 76.3258, 2.3704, 66.7732, 11.9471, 31.2277, 11.7506, 32.1541
10.3722, 29.6242, 11.4272, 10.0874, 1.0580, 83.4686, 1.5548, 76.3663, 12.0011, 30.3568, 11.9186, 30.2683
9.8652, 33.1687, 10.8302, 15.1343, 1.0541, 82.5036, 1.6410, 75.1336, 12.7473, 29.6990, 12.6611, 29.9832
9.3261, 34.2533, 10.8209, 13.4435, 1.0280, 82.1880, 1.6396, 73.5454, 12.2841, 30.6802, 12.1369, 32.3661
11.4086, 32.0937, 12.4903, 12.4737, 0.8381, 85.1912, 1.2713, 79.9621, 13.4923, 26.5425, 13.4981, 27.5272
9.3246, 39.5700, 10.6134, 21.6168, 1.2058, 80.8802, 1.9738, 71.0493, 13.0311, 27.7441, 12.9089, 28.5579
9.1111, 39.0277, 10.6079, 16.3976, 1.1026, 81.6649, 2.0248, 69.7425, 12.1395, 32.5874, 12.0489, 32.5342
0.1633