epochs: 100, batch_size: 32, lr: 0.0001, method: Adam, rho: 0
VALIDATION
0.1018, 96.6038
0.1117, 96.6352
0.0716, 97.7044
0.0593, 98.1132
0.0737, 97.8616
0.0793, 97.6101
0.0681, 98.1447
0.0583, 98.4277
0.0524, 98.8050
0.0551, 98.3962
0.0597, 98.3333
0.0522, 98.8365
0.0596, 98.5535
0.0559, 98.3019
0.0599, 98.7107
0.0445, 98.7421
0.0821, 97.8616
0.0546, 98.8365
0.0691, 98.5220
0.0517, 98.8050
0.0812, 98.3962
0.1001, 97.9560
0.0533, 98.8679
0.0661, 98.6164
0.0604, 98.7736
0.0609, 98.7736
0.0441, 98.8050
0.1000, 98.0503
0.0711, 98.6164
0.0546, 98.8994
0.0639, 98.5220
0.0611, 98.4277
0.0510, 98.8050
0.0585, 98.7421
0.0630, 98.9623
0.0461, 98.7736
0.0635, 98.7736
0.0740, 98.8679
0.0547, 98.9308
0.0660, 98.6164
0.0536, 98.7107
0.0775, 98.4277
0.0709, 98.7107
0.0647, 98.8050
0.0555, 98.8679
0.0668, 98.8365
0.0659, 98.7736
0.0617, 98.6164
0.0651, 98.8679
0.0682, 98.8050
0.0621, 98.8050
0.0529, 99.1195
0.0592, 99.0252
0.0592, 98.8994
0.0671, 98.7421
0.0643, 98.8050
0.0434, 98.8679
0.0565, 98.8679
0.0649, 98.9937
0.0666, 98.8050
0.0660, 98.8050
0.0808, 98.3333
0.0712, 98.8679
0.0680, 98.9623
0.0566, 99.0252
0.0610, 99.0252
0.0490, 98.9937
0.0462, 98.9623
0.0640, 98.8365
0.0613, 98.8994
0.0696, 98.8365
0.0559, 98.9623
0.0605, 98.9623
0.0537, 99.0881
0.0567, 99.1195
0.0529, 99.0881
0.0592, 98.7107
0.0635, 98.7736
0.0591, 98.7421
0.0765, 98.6792
0.0636, 98.8994
0.0591, 98.9623
0.0649, 98.9937
0.0708, 98.9937
0.0750, 98.8994
0.0716, 98.9623
0.0662, 99.0566
0.0600, 98.6478
0.0606, 98.7736
0.0593, 98.8994
0.0620, 98.8365
0.0701, 98.8050
0.0650, 98.8365
0.0622, 98.8050
0.0612, 98.8994
0.0886, 98.4277
0.0710, 98.8994
0.0674, 98.9623
0.0668, 98.8679
0.0597, 99.1195
TEST
5.5593, 33.0719, 6.7506, 14.5345, 0.4680, 88.6815, 0.8159, 78.5325, 7.6798, 28.6260, 7.7564, 27.2495
7.3289, 29.3918, 9.1258, 12.0271, 0.5892, 87.4910, 1.6298, 70.1823, 9.4570, 31.5474, 9.4349, 30.6410
8.7008, 35.9287, 10.4946, 20.4811, 0.4492, 91.7388, 1.0978, 81.1565, 12.1363, 27.5310, 12.1099, 24.8154
8.2875, 36.8390, 10.7756, 14.5728, 0.4571, 92.1627, 1.1742, 79.6246, 15.1913, 22.8971, 15.0518, 21.8624
9.8861, 42.7368, 12.2676, 18.3819, 0.5970, 90.6746, 1.3893, 79.0057, 13.6081, 33.4546, 13.8991, 32.1687
9.1324, 36.8487, 11.3215, 20.4747, 0.6479, 90.6926, 1.7498, 75.3945, 13.8275, 27.8543, 13.9926, 23.4340
10.1556, 47.2497, 13.3310, 20.0026, 0.6977, 91.4322, 1.7292, 78.3381, 15.1904, 33.8294, 15.4990, 30.7068
10.3731, 44.0151, 13.4558, 15.1088, 0.4393, 93.1367, 1.1814, 82.9007, 14.6550, 36.6589, 14.8681, 33.9741
10.6185, 31.4062, 14.1952, 12.1674, 0.5582, 92.1086, 1.1667, 83.1743, 16.5427, 25.0211, 16.9023, 22.5422
9.7489, 45.5840, 12.3441, 22.4909, 0.5845, 91.5945, 1.4081, 79.6680, 16.0457, 31.0954, 16.3458, 29.2157
11.9793, 42.4172, 15.0716, 16.0212, 0.4467, 94.2731, 0.9187, 86.0183, 18.5552, 23.2977, 18.9164, 19.6184
12.3542, 40.2092, 14.9012, 18.7265, 0.6591, 91.8651, 1.4427, 81.5043, 17.3069, 29.9820, 17.6857, 27.4907
10.0758, 45.9713, 13.3236, 23.0205, 0.6565, 90.2237, 1.3930, 80.5990, 13.6724, 39.3929, 13.8420, 36.6640
11.6730, 43.1726, 15.7705, 12.2823, 0.4230, 93.8582, 1.1248, 83.3201, 17.2824, 30.5993, 17.6385, 28.4994
11.6788, 46.7654, 17.3700, 14.0050, 0.5111, 93.5877, 1.6702, 80.2384, 16.4968, 43.5086, 16.6944, 40.7207
12.1420, 49.8354, 16.5627, 17.0803, 0.4975, 93.7771, 1.1653, 84.0797, 19.4585, 35.3508, 19.7565, 33.2505
11.0439, 48.6151, 16.1177, 17.3547, 0.5879, 93.2269, 1.8621, 78.7320, 17.5240, 39.4444, 17.7805, 36.6713
11.2523, 42.2816, 14.8845, 18.2798, 0.5910, 92.5144, 1.4644, 81.4762, 14.5267, 35.4867, 14.5334, 34.4565
12.4269, 47.6564, 17.0419, 15.8234, 0.5554, 93.3983, 1.5605, 82.5529, 17.4596, 35.3508, 17.5456, 34.7051
12.1116, 42.9498, 17.4737, 15.1088, 0.6136, 93.3802, 1.2894, 85.8316, 19.9956, 25.0358, 20.4988, 22.8346
0.0434