epochs: 100, batch_size: 32, lr: 0.0005, method: Adam, rho: 0
VALIDATION
0.1128, 96.8868
0.0789, 97.8931
0.0588, 98.2704
0.0501, 98.5849
0.0524, 98.2075
0.0622, 98.4277
0.0489, 98.6792
0.0609, 98.5220
0.0754, 98.4277
0.0500, 98.6478
0.0434, 98.9308
0.0460, 98.9308
0.0442, 98.7107
0.0362, 98.9937
0.0477, 98.8365
0.0521, 98.7421
0.0554, 98.7736
0.0630, 98.8050
0.0679, 98.5535
0.0604, 98.8679
0.0832, 98.0503
0.0463, 99.0252
0.0559, 98.9623
0.0584, 98.6164
0.0473, 98.8994
0.0764, 98.4277
0.0653, 98.7736
0.0678, 98.6164
0.0608, 98.8679
0.0470, 98.8679
0.0667, 98.9623
0.0738, 98.8994
0.0620, 98.8679
0.0625, 99.1195
0.0520, 98.9937
0.0517, 98.8994
0.0553, 99.0566
0.0471, 99.0252
0.0795, 99.0252
0.0601, 98.7736
0.0591, 99.0566
0.0545, 98.9308
0.0478, 99.0881
0.0616, 98.8679
0.0700, 98.7421
0.0685, 98.8679
0.0586, 98.7736
0.0617, 99.0252
0.0513, 99.1824
0.0560, 99.1509
0.0906, 98.9623
0.0635, 99.1824
0.0681, 98.9623
0.0732, 98.7736
0.0549, 99.0566
0.0705, 98.8050
0.0780, 98.8365
0.0639, 99.0252
0.0761, 99.1824
0.0568, 99.0566
0.0468, 99.0881
0.0440, 99.0252
0.0574, 98.9308
0.0589, 99.1195
0.0710, 99.1195
0.0499, 99.1509
0.0569, 99.1824
0.0676, 99.0252
0.0535, 99.0881
0.0515, 99.0881
0.0684, 98.7736
0.0654, 98.9937
0.0854, 99.0566
0.0522, 99.0252
0.0551, 99.0566
0.1005, 98.3333
0.0694, 99.1195
0.0743, 98.9937
0.0682, 99.1195
0.0829, 98.8365
0.0849, 98.8050
0.0696, 98.9623
0.0789, 98.9308
0.0947, 98.8994
0.0852, 99.0566
0.0576, 99.0252
0.0701, 98.8994
0.0940, 98.9623
0.0928, 98.9308
0.0726, 99.1195
0.0725, 99.0566
0.0836, 99.0881
0.0764, 98.9308
0.0622, 99.0252
0.0728, 98.9937
0.0646, 99.0566
0.0715, 99.0566
0.0832, 98.9937
0.0542, 98.9937
0.0673, 99.0252
TEST
7.6180, 20.4339, 7.5178, 19.3709, 0.9453, 81.4394, 1.7310, 64.9139, 7.7061, 34.9245, 8.1598, 28.3240
6.6092, 41.8458, 6.9009, 34.5180, 1.3376, 79.1306, 2.3127, 64.2132, 8.7689, 39.9846, 9.4048, 32.2126
10.4070, 26.3897, 10.5501, 23.7223, 0.9022, 86.3907, 1.5647, 75.7295, 11.3746, 28.2328, 12.0982, 24.2526
14.2862, 25.4116, 14.9137, 19.2114, 0.7802, 88.5732, 1.6447, 76.9264, 15.1737, 28.7877, 16.0204, 24.2380
10.0978, 41.0517, 10.2896, 36.4448, 0.7049, 91.0534, 1.6029, 77.7781, 12.2980, 45.3680, 13.2915, 37.3291
16.0130, 29.4596, 16.4292, 26.0512, 0.4221, 93.0556, 1.1300, 82.0542, 14.3162, 28.4496, 15.2292, 24.0406
15.8436, 45.8842, 16.4417, 40.7006, 0.5451, 92.6587, 1.3323, 81.1488, 14.1343, 43.5490, 15.5894, 35.1582
22.0689, 11.9892, 20.5026, 15.3831, 0.4402, 92.8571, 0.9349, 83.6833, 16.6054, 18.6675, 19.1065, 12.2140
19.8275, 25.8764, 19.0827, 26.8551, 0.4153, 94.4264, 0.7872, 88.0054, 16.3383, 28.4680, 17.4520, 24.2234
22.3638, 31.2125, 21.7153, 32.1317, 0.7227, 92.2619, 2.1699, 76.0927, 17.7551, 42.1086, 18.6676, 37.0879
18.8047, 27.8811, 18.8048, 23.9265, 0.5806, 94.0206, 1.6498, 80.7780, 17.5346, 39.3782, 18.8193, 32.8704
17.4770, 40.3448, 17.1687, 34.0458, 0.6045, 94.2460, 1.3724, 84.4147, 18.7633, 33.4068, 20.0144, 29.2011
16.4104, 44.9545, 16.9889, 35.0348, 0.6160, 94.0476, 1.8402, 80.0056, 15.3664, 44.1296, 16.8816, 35.9404
22.5535, 32.3068, 22.8977, 24.7559, 0.6143, 94.8413, 1.5201, 84.6014, 23.6171, 34.2741, 25.9969, 28.0901
20.4654, 28.2200, 20.8632, 25.9746, 0.7068, 93.3261, 2.1020, 78.5990, 16.7682, 44.5081, 18.2115, 37.6727
19.0028, 44.2960, 20.5977, 27.8568, 0.6824, 93.7229, 2.1462, 77.5095, 19.1963, 52.2434, 21.6415, 40.2237
21.9599, 32.3455, 21.7489, 26.3957, 0.5630, 94.4986, 1.3144, 85.2229, 25.4517, 31.2093, 26.3844, 28.6236
20.3802, 44.0829, 21.0274, 32.1189, 0.6270, 94.9134, 2.1453, 79.5223, 25.2508, 42.2151, 26.9486, 34.1642
25.9081, 38.2820, 25.9489, 29.7837, 0.7790, 93.8672, 2.6300, 76.2947, 18.3821, 52.2324, 20.6135, 40.2895
14.2883, 51.8013, 14.2128, 43.4314, 0.4042, 95.5267, 1.3506, 82.9058, 20.5280, 45.3423, 21.1625, 41.1520
0.0362